Selection	View	Channel	Begin Time (s)	End Time (s)	Low Freq (Hz)	High Freq (Hz)	Label
1	Spectrogram 1	1	327.987979232	328.659979232	1500	6500	
2	Spectrogram 1	1	329.408744259	330.080744259	1500	6500	BTF
3	Spectrogram 1	1	330.840438248	331.512438248	1500	6500	BTF
4	Spectrogram 1	1	332.261203276	332.933203276	1500	6500	BTF
6	Spectrogram 1	1	334.949727866	335.621727866	1500	6500	BTF
7	Spectrogram 1	1	1099.752986029	1100.424986029	1500	6500	BTF
8	Spectrogram 1	1	1103.545335756	1104.217335756	1500	6500	BTF
9	Spectrogram 1	1	1178.759641436	1179.431641436	1500	6500	BTF
10	Spectrogram 1	1	1184.229193787	1184.901193787	1500	6500	BTF
11	Spectrogram 1	1	1188.196406902	1188.868406902	1500	6500	BTF
12	Spectrogram 1	1	1192.633565372	1193.305565372	1500	6500	BTF
13	Spectrogram 1	1	1199.578528397	1200.250528397	1500	6500	BTF
14	Spectrogram 1	1	1216.192276273	1216.864276273	1500	6500	BTF
15	Spectrogram 1	1	1218.60757682	1219.27957682	1500	6500	BTF
16	Spectrogram 1	1	1220.399926547	1221.071926547	1500	6500	BTF
17	Spectrogram 1	1	1222.979161519	1223.651161519	1500	6500	BTF
18	Spectrogram 1	1	1227.890500876	1228.562500876	1500	6500	BTF
19	Spectrogram 1	1	1252.26297481	1252.93497481	1500	6500	BTF
20	Spectrogram 1	1	1253.618166067	1254.290166067	1500	6500	BTF
21	Spectrogram 1	1	1255.782100493	1256.454100493	1500	6500	BTF
22	Spectrogram 1	1	1258.608518507	1259.280518507	1500	6500	BTF
23	Spectrogram 1	1	1269.596359757	1270.268359757	1500	6500	BTF
24	Spectrogram 1	1	1271.497999101	1272.169999101	1500	6500	BTF
25	Spectrogram 1	1	1273.596359757	1274.268359757	1500	6500	BTF
26	Spectrogram 1	1	1278.754829702	1279.426829702	1500	6500	BTF
27	Spectrogram 1	1	1280.881794164	1281.553794164	1500	6500	BTF
28	Spectrogram 1	1	1285.963761377	1286.635761377	1500	6500	BTF
29	Spectrogram 1	1	1287.688026982	1288.360026982	1500	6500	BTF
30	Spectrogram 1	1	1290.606059769	1291.278059769	1500	6500	BTF
31	Spectrogram 1	1	1295.171018646	1295.843018646	1500	6500	BTF
32	Spectrogram 1	1	1295.968832853	1296.640832853	1500	6500	BTF
33	Spectrogram 1	1	1296.777576023	1297.449576023	1500	6500	BTF
34	Spectrogram 1	1	1300.270660703	1300.942660703	1500	6500	BTF
35	Spectrogram 1	1	1313.509868912	1314.181868912	1500	6500	BTF
36	Spectrogram 1	1	1313.990743228	1314.662743228	1500	6500	BTF
37	Spectrogram 1	1	1314.493475469	1315.165475469	1500	6500	BTF
38	Spectrogram 1	1	1316.198393502	1316.870393502	1500	6500	BTF
39	Spectrogram 1	1	1322.334613358	1323.006613358	1500	6500	BTF
40	Spectrogram 1	1	1342.208538131	1342.880538131	1500	6500	BTF
41	Spectrogram 1	1	1336.285040864	1336.957040864	1500	6500	BTF
42	Spectrogram 1	1	1348.137107714	1348.809107714	1500	6500	BTF
43	Spectrogram 1	1	1351.929457441	1352.601457441	1500	6500	BTF
44	Spectrogram 1	1	1360.393546149	1361.065546149	1500	6500	BTF
45	Spectrogram 1	1	1376.409547426	1377.081547426	1500	6500	BTF
46	Spectrogram 1	1	1411.121725786	1411.793725786	1500	6500	BTF
47	Spectrogram 1	1	1413.547955294	1414.219955294	1500	6500	BTF
48	Spectrogram 1	1	1412.597135622	1413.269135622	1500	6500	BTF
50	Spectrogram 1	1	1414.411343272	1415.083343272	1500	6500	BTF
51	Spectrogram 1	1	1423.51940394	1424.19140394	1500	6500	BTF
52	Spectrogram 1	1	1427.08224547	1427.75424547	1500	6500	BTF
53	Spectrogram 1	1	1432.109567874	1432.781567874	1500	6500	BTF
54	Spectrogram 1	1	1433.26803782	1433.94003782	1500	6500	BTF
55	Spectrogram 1	1	1435.395002281	1436.067002281	1500	6500	BTF
56	Spectrogram 1	1	1436.247461297	1436.919461297	1500	6500	BTF
57	Spectrogram 1	1	1437.01248862	1437.68448862	1500	6500	BTF
58	Spectrogram 1	1	1438.476969494	1439.148969494	1500	6500	BTF
59	Spectrogram 1	1	1439.864947636	1440.536947636	1500	6500	BTF
60	Spectrogram 1	1	1441.023417581	1441.695417581	1500	6500	BTF
62	Spectrogram 1	1	1441.591723592	1442.263723592	1500	6500	BTF
63	Spectrogram 1	1	1443.66487919	1444.33687919	1500	6500	BTF
64	Spectrogram 1	1	1450.229838067	1450.901838067	1500	6500	BTF
66	Spectrogram 1	1	1458.653557224	1459.325557224	1500	6500	BTF
67	Spectrogram 1	1	1588.754875737	1589.426875737	1500	6500	BTF
68	Spectrogram 1	1	1581.126460437	1581.798460437	1500	6500	BTF
69	Spectrogram 1	1	1582.973454972	1583.645454972	1500	6500	BTF
70	Spectrogram 1	1	1586.284930382	1586.956930382	1500	6500	BTF
71	Spectrogram 1	1	1597.53674112	1598.20874112	1500	6500	BTF
72	Spectrogram 1	1	1604.165601038	1604.837601038	1500	6500	BTF
73	Spectrogram 1	1	1613.899122876	1614.571122876	1500	6500	BTF
74	Spectrogram 1	1	1617.101308669	1617.773308669	1500	6500	BTF
75	Spectrogram 1	1	1617.789833259	1618.461833259	1500	6500	BTF
76	Spectrogram 1	1	1618.707866046	1619.379866046	1500	6500	BTF
77	Spectrogram 1	1	1619.710820176	1620.382820176	1500	6500	BTF
78	Spectrogram 1	1	1639.612785101	1640.284785101	1500	6500	BTF
79	Spectrogram 1	1	1640.891473626	1641.563473626	1500	6500	BTF
