Selection	View	Channel	Begin Time (s)	End Time (s)	Low Freq (Hz)	High Freq (Hz)	Label
1	Spectrogram 1	1	12.582429219	13.254429219	1500	6500	BTF
2	Spectrogram 1	1	21.696249497	22.368249497	1500	6500	BTF
3	Spectrogram 1	1	26.749094739	27.421094739	1500	6500	BTF
4	Spectrogram 1	1	97.853406945	98.525406945	1500	6500	BTF
5	Spectrogram 1	1	104.292430762	104.964430762	1500	6500	BTF
6	Spectrogram 1	1	122.813281751	123.485281751	1500	6500	BTF
7	Spectrogram 1	1	126.890517237	127.562517237	1500	6500	BTF
8	Spectrogram 1	1	129.788890934	130.460890934	1500	6500	BTF
9	Spectrogram 1	1	143.8026667	144.4746667	1500	6500	BTF
10	Spectrogram 1	1	146.502445022	147.174445022	1500	6500	BTF
11	Spectrogram 1	1	147.92	148.592	1500	6500	BTF
12	Spectrogram 1	1	148.9013333	149.5733333	1500	6500	BTF
13	Spectrogram 1	1	149.3493333	150.0213333	1500	6500	BTF
14	Spectrogram 1	1	151.0346667	151.7066667	1500	6500	BTF
15	Spectrogram 1	1	156.201631441	156.873631441	1500	6500	BTF
16	Spectrogram 1	1	159.827647414	160.499647414	1500	6500	BTF
17	Spectrogram 1	1	189.731218016	190.403218016	1500	6500	BTF
18	Spectrogram 1	1	190.950730212	191.622730212	1500	6500	BTF
19	Spectrogram 1	1	192.706827773	193.378827773	1500	6500	BTF
20	Spectrogram 1	1	194.263737229	194.935737229	1500	6500	BTF
21	Spectrogram 1	1	195.088	195.76	1500	6500	BTF
22	Spectrogram 1	1	196.567915362	197.239915362	1500	6500	BTF
23	Spectrogram 1	1	198.6506667	199.3226667	1500	6500	BTF
24	Spectrogram 1	1	199.7386667	200.4106667	1500	6500	BTF
25	Spectrogram 1	1	200.531329982	201.203329982	1500	6500	BTF
26	Spectrogram 1	1	201.864663315	202.536663315	1500	6500	BTF
27	Spectrogram 1	1	203.490679576	204.162679576	1500	6500	BTF
28	Spectrogram 1	1	206.884988232	207.556988232	1500	6500	BTF
29	Spectrogram 1	1	215.063849448	215.735849448	1500	6500	BTF
30	Spectrogram 1	1	223.893117168	224.565117168	1500	6500	BTF
31	Spectrogram 1	1	255.0986667	255.7706667	1500	6500	BTF
32	Spectrogram 1	1	261.579448678	262.251448678	1500	6500	BTF
33	Spectrogram 1	1	262.555058434	263.227058434	1500	6500	BTF
34	Spectrogram 1	1	265.36	266.032	1500	6500	BTF
35	Spectrogram 1	1	265.8293333	266.5013333	1500	6500	BTF
36	Spectrogram 1	1	311.9946667	312.6666667	1500	6500	BTF
37	Spectrogram 1	1	512.9973333	513.6693333	1500	6500	BTF
38	Spectrogram 1	1	613.390609313	614.062609313	1500	6500	BTF
39	Spectrogram 1	1	614.2026667	614.8746667	1500	6500	BTF
40	Spectrogram 1	1	615.528820695	616.200820695	1500	6500	BTF
41	Spectrogram 1	1	641.5093333	642.1813333	1500	6500	BTF
42	Spectrogram 1	1	644.013845577	644.685845577	1500	6500	BTF
43	Spectrogram 1	1	646.288	646.96	1500	6500	BTF
44	Spectrogram 1	1	675.92	676.592	1500	6500	BTF
45	Spectrogram 1	1	677.8613333	678.5333333	1500	6500	BTF
46	Spectrogram 1	1	678.601741563	679.273741563	1500	6500	BTF
47	Spectrogram 1	1	682.832	683.504	1500	6500	BTF
48	Spectrogram 1	1	687.504	688.176	1500	6500	BTF
49	Spectrogram 1	1	690.2986667	690.9706667	1500	6500	BTF
50	Spectrogram 1	1	697.939137679	698.611137679	1500	6500	BTF
51	Spectrogram 1	1	700.207430075	700.879430075	1500	6500	BTF
52	Spectrogram 1	1	702.178974791	702.850974791	1500	6500	BTF
53	Spectrogram 1	1	810.361147898	811.033147898	1500	6500	BTF
54	Spectrogram 1	1	810.759521882	811.431521882	1500	6500	BTF
55	Spectrogram 1	1	820.3253333	820.9973333	1500	6500	BTF
56	Spectrogram 1	1	821.99122834	822.66322834	1500	6500	BTF
57	Spectrogram 1	1	827.983097972	828.655097972	1500	6500	BTF
58	Spectrogram 1	1	831.739195246	832.411195246	1500	6500	BTF
59	Spectrogram 1	1	838.540007682	839.212007682	1500	6500	BTF
60	Spectrogram 1	1	846.678218491	847.350218491	1500	6500	BTF
61	Spectrogram 1	1	851.4293333	852.1013333	1500	6500	BTF
62	Spectrogram 1	1	856.556266698	857.228266698	1500	6500	BTF
63	Spectrogram 1	1	858.889599745	859.561599745	1500	6500	BTF
64	Spectrogram 1	1	901.528756884	902.200756884	1500	6500	BTF
65	Spectrogram 1	1	903.398675297	904.070675297	1500	6500	BTF
66	Spectrogram 1	1	905.0613333	905.7333333	1500	6500	BTF
67	Spectrogram 1	1	906.9173333	907.5893333	1500	6500	BTF
68	Spectrogram 1	1	907.024	907.696	1500	6500	BTF
69	Spectrogram 1	1	908.3466667	909.0186667	1500	6500	BTF
70	Spectrogram 1	1	909.4986667	910.1706667	1500	6500	BTF
71	Spectrogram 1	1	910.6933333	911.3653333	1500	6500	BTF
72	Spectrogram 1	1	912.2933333	912.9653333	1500	6500	BTF
73	Spectrogram 1	1	913.0186667	913.6906667	1500	6500	BTF
74	Spectrogram 1	1	913.552	914.224	1500	6500	BTF
75	Spectrogram 1	1	916.304	916.976	1500	6500	BTF
76	Spectrogram 1	1	933.777841521	934.449841521	1500	6500	BTF
77	Spectrogram 1	1	943.054263712	943.726263712	1500	6500	BTF
78	Spectrogram 1	1	1111.714363924	1112.386363924	1500	6500	BTF
79	Spectrogram 1	1	1112.372900509	1113.044900509	1500	6500	BTF
80	Spectrogram 1	1	1112.856640346	1113.528640346	1500	6500	BTF
81	Spectrogram 1	1	1113.665583436	1114.337583436	1500	6500	BTF
82	Spectrogram 1	1	1114.299729777	1114.971729777	1500	6500	BTF
83	Spectrogram 1	1	1114.68997368	1115.36197368	1500	6500	BTF
84	Spectrogram 1	1	1115.368835468	1116.040835468	1500	6500	BTF
85	Spectrogram 1	1	1115.572087501	1116.244087501	1500	6500	BTF
86	Spectrogram 1	1	1116.523306727	1117.195306727	1500	6500	BTF
87	Spectrogram 1	1	1116.885095345	1117.557095345	1500	6500	BTF
88	Spectrogram 1	1	1118.116802662	1118.788802662	1500	6500	BTF
89	Spectrogram 1	1	1118.864	1119.536	1500	6500	BTF
90	Spectrogram 1	1	1119.312	1119.984	1500	6500	BTF
91	Spectrogram 1	1	1119.909474552	1120.581474552	1500	6500	BTF
92	Spectrogram 1	1	1120.52329569	1121.19529569	1500	6500	BTF
93	Spectrogram 1	1	1123.066667	1123.738667	1500	6500	BTF
94	Spectrogram 1	1	1124.304	1124.976	1500	6500	BTF
95	Spectrogram 1	1	1124.665571827	1125.337571827	1500	6500	BTF
96	Spectrogram 1	1	1125.368823859	1126.040823859	1500	6500	BTF
97	Spectrogram 1	1	1126.954189426	1127.626189426	1500	6500	BTF
98	Spectrogram 1	1	1127.568010564	1128.240010564	1500	6500	BTF
99	Spectrogram 1	1	1129.767197556	1130.439197556	1500	6500	BTF
100	Spectrogram 1	1	1130.502969628	1131.174969628	1500	6500	BTF
101	Spectrogram 1	1	1132.685896457	1133.357896457	1500	6500	BTF
102	Spectrogram 1	1	1134.543620034	1135.215620034	1500	6500	BTF
103	Spectrogram 1	1	1135.198091292	1135.870091292	1500	6500	BTF
104	Spectrogram 1	1	1135.795652268	1136.467652268	1500	6500	BTF
105	Spectrogram 1	1	1137.112725439	1137.784725439	1500	6500	BTF
106	Spectrogram 1	1	1139.877333	1140.549333	1500	6500	BTF
107	Spectrogram 1	1	1142.112725152	1142.784725152	1500	6500	BTF
108	Spectrogram 1	1	1147.557333	1148.229333	1500	6500	BTF
109	Spectrogram 1	1	1148.315976612	1148.987976612	1500	6500	BTF
110	Spectrogram 1	1	1152.741333	1153.413333	1500	6500	BTF
111	Spectrogram 1	1	1153.255000716	1153.927000716	1500	6500	BTF
112	Spectrogram 1	1	1157.136	1157.808	1500	6500	BTF
113	Spectrogram 1	1	1158.586667	1159.258667	1500	6500	BTF
114	Spectrogram 1	1	1162.874667	1163.546667	1500	6500	BTF
115	Spectrogram 1	1	1163.024	1163.696	1500	6500	BTF
116	Spectrogram 1	1	1163.458251889	1164.130251889	1500	6500	BTF
117	Spectrogram 1	1	1164.048	1164.72	1500	6500	BTF
118	Spectrogram 1	1	1164.811910425	1165.483910425	1500	6500	BTF
119	Spectrogram 1	1	1165.311910425	1165.983910425	1500	6500	BTF
120	Spectrogram 1	1	1166.238739694	1166.910739694	1500	6500	BTF
121	Spectrogram 1	1	1166.906667	1167.578667	1500	6500	BTF
122	Spectrogram 1	1	1167.998902009	1168.670902009	1500	6500	BTF
123	Spectrogram 1	1	1168.442667	1169.114667	1500	6500	BTF
124	Spectrogram 1	1	1169.795649976	1170.467649976	1500	6500	BTF
125	Spectrogram 1	1	1170.425730991	1171.097730991	1500	6500	BTF
126	Spectrogram 1	1	1170.824104974	1171.496104974	1500	6500	BTF
127	Spectrogram 1	1	1171.877333	1172.549333	1500	6500	BTF
128	Spectrogram 1	1	1173.093333	1173.765333	1500	6500	BTF
129	Spectrogram 1	1	1173.48264156	1174.15464156	1500	6500	BTF
130	Spectrogram 1	1	1174.409470828	1175.081470828	1500	6500	BTF
131	Spectrogram 1	1	1175.71028355	1176.38228355	1500	6500	BTF
132	Spectrogram 1	1	1177.02329168	1177.69529168	1500	6500	BTF
133	Spectrogram 1	1	1178.341333	1179.013333	1500	6500	BTF
134	Spectrogram 1	1	1180.986706027	1181.658706027	1500	6500	BTF
135	Spectrogram 1	1	1182.161502775	1182.833502775	1500	6500	BTF
136	Spectrogram 1	1	1182.38101497	1183.05301497	1500	6500	BTF
137	Spectrogram 1	1	1183.409469969	1184.081469969	1500	6500	BTF
138	Spectrogram 1	1	1201.743526502	1202.415526502	1500	6500	BTF
139	Spectrogram 1	1	1209.715070644	1210.387070644	1500	6500	BTF
140	Spectrogram 1	1	1211.019948693	1211.691948693	1500	6500	BTF
141	Spectrogram 1	1	1212.979298	1213.651298	1500	6500	BTF
142	Spectrogram 1	1	1215.04027361	1215.71227361	1500	6500	BTF
143	Spectrogram 1	1	1217.897996075	1218.569996075	1500	6500	BTF
144	Spectrogram 1	1	1218.832	1219.504	1500	6500	BTF
145	Spectrogram 1	1	1236.532018551	1237.204018551	1500	6500	BTF
146	Spectrogram 1	1	1238.958847533	1239.630847533	1500	6500	BTF
147	Spectrogram 1	1	1243.223074888	1243.895074888	1500	6500	BTF
148	Spectrogram 1	1	1243.739335051	1244.411335051	1500	6500	BTF
149	Spectrogram 1	1	1246.438521756	1247.110521756	1500	6500	BTF
150	Spectrogram 1	1	1247.820635578	1248.492635578	1500	6500	BTF
151	Spectrogram 1	1	1253.926326062	1254.598326062	1500	6500	BTF
152	Spectrogram 1	1	1257.877545287	1258.549545287	1500	6500	BTF
153	Spectrogram 1	1	1484.807748239	1485.479748239	1500	6500	BTF
154	Spectrogram 1	1	1491.279292668	1491.951292668	1500	6500	BTF
155	Spectrogram 1	1	1492.039455269	1492.711455269	1500	6500	BTF
156	Spectrogram 1	1	1495.137015958	1495.809015958	1500	6500	BTF
157	Spectrogram 1	1	1495.673601324	1496.345601324	1500	6500	BTF
158	Spectrogram 1	1	1500.026667	1500.698667	1500	6500	BTF
159	Spectrogram 1	1	1503.145145467	1503.817145467	1500	6500	BTF
160	Spectrogram 1	1	1603.242703903	1603.914703903	1500	6500	BTF
161	Spectrogram 1	1	1604.543516911	1605.215516911	1500	6500	BTF
162	Spectrogram 1	1	1718.654248774	1719.326248774	1500	6500	BTF
163	Spectrogram 1	1	1720.922541171	1721.594541171	1500	6500	BTF
164	Spectrogram 1	1	1722.333110277	1723.005110277	1500	6500	BTF
165	Spectrogram 1	1	1723.845305398	1724.517305398	1500	6500	BTF
166	Spectrogram 1	1	1747.934733748	1748.606733748	1500	6500	BTF
167	Spectrogram 1	1	1749.398146443	1750.070146443	1500	6500	BTF
