Selection	View	Channel	Begin Time (s)	End Time (s)	Low Freq (Hz)	High Freq (Hz)	Label
1	Spectrogram 1	1	64.618666667	65.290666667	1500	6500	BTF
2	Spectrogram 1	1	66.56	67.232	1500	6500	BTF
3	Spectrogram 1	1	70.43159863	71.10359863	1500	6500	BTF
4	Spectrogram 1	1	71.89361489	72.56561489	1500	6500	BTF
5	Spectrogram 1	1	73.073875053	73.745875053	1500	6500	BTF
6	Spectrogram 1	1	84.064	84.736	1500	6500	BTF
7	Spectrogram 1	1	89.333333333	90.005333333	1500	6500	BTF
8	Spectrogram 1	1	101.909333333	102.581333333	1500	6500	BTF
9	Spectrogram 1	1	105.397333333	106.069333333	1500	6500	BTF
10	Spectrogram 1	1	108.096	108.768	1500	6500	BTF
11	Spectrogram 1	1	119.765333333	120.437333333	1500	6500	BTF
12	Spectrogram 1	1	121.002505267	121.674505267	1500	6500	BTF
13	Spectrogram 1	1	121.397333333	122.069333333	1500	6500	BTF
14	Spectrogram 1	1	125.706666667	126.378666667	1500	6500	BTF
15	Spectrogram 1	1	148.046663729	148.718663729	1500	6500	BTF
16	Spectrogram 1	1	150.368	151.04	1500	6500	BTF
17	Spectrogram 1	1	152.53465792	153.20665792	1500	6500	BTF
18	Spectrogram 1	1	155.44382911	156.11582911	1500	6500	BTF
19	Spectrogram 1	1	218.823280543	219.495280543	1500	6500	BTF
20	Spectrogram 1	1	253.662081155	254.334081155	1500	6500	BTF
21	Spectrogram 1	1	255.206796603	255.878796603	1500	6500	BTF
22	Spectrogram 1	1	256.483219825	257.155219825	1500	6500	BTF
23	Spectrogram 1	1	1398.349128969	1399.021128969	1500	6500	BTF
24	Spectrogram 1	1	1424.462260417	1425.134260417	1500	6500	BTF
25	Spectrogram 1	1	1432.80359375	1433.47559375	1500	6500	BTF
26	Spectrogram 1	1	1440.64359375	1441.31559375	1500	6500	BTF
27	Spectrogram 1	1	2380.200544039	2380.872544039	1500	6500	BTF
28	Spectrogram 1	1	2382.907856819	2383.579856819	1500	6500	BTF
29	Spectrogram 1	1	2402.602978007	2403.274978007	1500	6500	BTF
30	Spectrogram 1	1	2532.779932042	2533.451932042	1500	6500	BTF
31	Spectrogram 1	1	2589.564520833	2590.236520833	1500	6500	BTF
32	Spectrogram 1	1	2590.218953684	2590.890953684	1500	6500	BTF
33	Spectrogram 1	1	2595.1751875	2595.8471875	1500	6500	BTF
34	Spectrogram 1	1	2601.00350485	2601.67550485	1500	6500	BTF
35	Spectrogram 1	1	2602.320578021	2602.992578021	1500	6500	BTF
36	Spectrogram 1	1	2602.759602411	2603.431602411	1500	6500	BTF
37	Spectrogram 1	1	2608.227083002	2608.899083002	1500	6500	BTF
38	Spectrogram 1	1	2615.868520833	2616.540520833	1500	6500	BTF
39	Spectrogram 1	1	2626.637653941	2627.309653941	1500	6500	BTF
40	Spectrogram 1	1	2628.381553784	2629.053553784	1500	6500	BTF
41	Spectrogram 1	1	2645.133588138	2645.805588138	1500	6500	BTF
42	Spectrogram 1	1	2831.975048656	2832.647048656	1500	6500	BTF
43	Spectrogram 1	1	2836.007569439	2836.679569439	1500	6500	BTF
44	Spectrogram 1	1	2916.958782844	2917.630782844	1500	6500	BTF
45	Spectrogram 1	1	2919.036018616	2919.708018616	1500	6500	BTF
46	Spectrogram 1	1	2926.023821356	2926.695821356	1500	6500	BTF
47	Spectrogram 1	1	2932.267724712	2932.939724712	1500	6500	BTF
48	Spectrogram 1	1	2946.194555355	2946.866555355	1500	6500	BTF
49	Spectrogram 1	1	2948.316507033	2948.988507033	1500	6500	BTF
50	Spectrogram 1	1	2950.527889147	2951.199889147	1500	6500	BTF
51	Spectrogram 1	1	2953.771792044	2954.443792044	1500	6500	BTF
52	Spectrogram 1	1	2954.101060337	2954.773060337	1500	6500	BTF
53	Spectrogram 1	1	2955.198621313	2955.870621313	1500	6500	BTF
54	Spectrogram 1	1	2957.458784373	2958.130784373	1500	6500	BTF
55	Spectrogram 1	1	2987.103135079	2987.775135079	1500	6500	BTF
56	Spectrogram 1	1	2990.651916025	2991.323916025	1500	6500	BTF
57	Spectrogram 1	1	2992.468989654	2993.140989654	1500	6500	BTF
58	Spectrogram 1	1	2994.342973394	2995.014973394	1500	6500	BTF
59	Spectrogram 1	1	3001.635654302	3002.307654302	1500	6500	BTF
60	Spectrogram 1	1	3008.74134322	3009.41334322	1500	6500	BTF
61	Spectrogram 1	1	3012.928332494	3013.600332494	1500	6500	BTF
62	Spectrogram 1	1	3082.916142567	3083.588142567	1500	6500	BTF
63	Spectrogram 1	1	3084.940532811	3085.612532811	1500	6500	BTF
64	Spectrogram 1	1	3153.168167605	3153.840167605	1500	6500	BTF
65	Spectrogram 1	1	3158.038086763	3158.710086763	1500	6500	BTF
66	Spectrogram 1	1	3214.001495594	3214.673495594	1500	6500	BTF
67	Spectrogram 1	1	3665.35478125	3666.02678125	1500	6500	BTF
68	Spectrogram 1	1	3674.112114583	3674.784114583	1500	6500	BTF
69	Spectrogram 1	1	3675.78678125	3676.45878125	1500	6500	BTF
70	Spectrogram 1	1	3676.334869875	3677.006869875	1500	6500	BTF
71	Spectrogram 1	1	3677.088114583	3677.760114583	1500	6500	BTF
72	Spectrogram 1	1	3701.16278125	3701.83478125	1500	6500	BTF
73	Spectrogram 1	1	5171.256367064	5171.928367064	1500	6500	BTF
74	Spectrogram 1	1	5188.605959339	5189.277959339	1500	6500	BTF
75	Spectrogram 1	1	5189.984008119	5190.656008119	1500	6500	BTF
76	Spectrogram 1	1	5190.946024379	5191.618024379	1500	6500	BTF
77	Spectrogram 1	1	5192.06124435	5192.73324435	1500	6500	BTF
78	Spectrogram 1	1	5214.500267977	5215.172267977	1500	6500	BTF
79	Spectrogram 1	1	5215.581569248	5216.253569248	1500	6500	BTF
80	Spectrogram 1	1	5217.549048923	5218.221048923	1500	6500	BTF
81	Spectrogram 1	1	6407.018351805	6407.690351805	1500	6500	BTF
