Selection	View	Channel	Begin Time (s)	End Time (s)	Low Freq (Hz)	High Freq (Hz)	Label
1	Spectrogram 1	1	44.464782586	45.136782586	1500	6500	BTF
2	Spectrogram 1	1	317.6	318.272	1500	6500	BTF
3	Spectrogram 1	1	319.346777866	320.018777866	1500	6500	BTF
4	Spectrogram 1	1	323.883361686	324.555361686	1500	6500	BTF
5	Spectrogram 1	1	325.200433311	325.872433311	1500	6500	BTF
6	Spectrogram 1	1	327.69636827	328.36836827	1500	6500	BTF
7	Spectrogram 1	1	329.376	330.048	1500	6500	BTF
8	Spectrogram 1	1	335.224820463	335.896820463	1500	6500	BTF
9	Spectrogram 1	1	338.4	339.072	1500	6500	BTF
10	Spectrogram 1	1	775.720569905	776.392569905	1500	6500	BTF
11	Spectrogram 1	1	868.835574653	869.507574653	1500	6500	BTF
12	Spectrogram 1	1	1028.419574653	1029.091574653	1500	6500	BTF
13	Spectrogram 1	1	1029.285500028	1029.957500028	1500	6500	BTF
14	Spectrogram 1	1	1243.452482639	1244.124482639	1500	6500	BTF
15	Spectrogram 1	1	1246.972482639	1247.644482639	1500	6500	BTF
16	Spectrogram 1	1	1248.625815972	1249.297815972	1500	6500	BTF
17	Spectrogram 1	1	1250.91547471	1251.58747471	1500	6500	BTF
18	Spectrogram 1	1	1255.644482639	1256.316482639	1500	6500	BTF
19	Spectrogram 1	1	1264.220482639	1264.892482639	1500	6500	BTF
20	Spectrogram 1	1	1453.720279203	1454.392279203	1500	6500	BTF
21	Spectrogram 1	1	1455.313815972	1455.985815972	1500	6500	BTF
22	Spectrogram 1	1	1456.327149306	1456.999149306	1500	6500	BTF
23	Spectrogram 1	1	1457.671149306	1458.343149306	1500	6500	BTF
24	Spectrogram 1	1	1471.805645808	1472.477645808	1500	6500	BTF
25	Spectrogram 1	1	2487.566298611	2488.238298611	1500	6500	BTF
26	Spectrogram 1	1	2664.003631944	2664.675631944	1500	6500	BTF
27	Spectrogram 1	1	2870.150477412	2870.822477412	1500	6500	BTF
28	Spectrogram 1	1	2894.91468907	2895.58668907	1500	6500	BTF
29	Spectrogram 1	1	2898.616965278	2899.288965278	1500	6500	BTF
30	Spectrogram 1	1	3127.117813973	3127.789813973	1500	6500	BTF
31	Spectrogram 1	1	3369.719318854	3370.391318854	1500	6500	BTF
32	Spectrogram 1	1	3381.955086573	3382.627086573	1500	6500	BTF
33	Spectrogram 1	1	3412.251822173	3412.923822173	1500	6500	BTF
34	Spectrogram 1	1	3473.971316307	3474.643316307	1500	6500	BTF
35	Spectrogram 1	1	3474.885948907	3475.557948907	1500	6500	BTF
36	Spectrogram 1	1	3476.455054598	3477.127054598	1500	6500	BTF
37	Spectrogram 1	1	3477.536355411	3478.208355411	1500	6500	BTF
38	Spectrogram 1	1	3478.642044922	3479.314044922	1500	6500	BTF
39	Spectrogram 1	1	3481.357492077	3482.029492077	1500	6500	BTF
40	Spectrogram 1	1	3502.919206597	3503.591206597	1500	6500	BTF
41	Spectrogram 1	1	3516.154219422	3516.826219422	1500	6500	BTF
42	Spectrogram 1	1	3518.735518689	3519.407518689	1500	6500	BTF
43	Spectrogram 1	1	3520.650152836	3521.322152836	1500	6500	BTF
44	Spectrogram 1	1	3523.175206597	3523.847206597	1500	6500	BTF
45	Spectrogram 1	1	3524.024131676	3524.696131676	1500	6500	BTF
46	Spectrogram 1	1	3534.801873264	3535.473873264	1500	6500	BTF
47	Spectrogram 1	1	3536.044452241	3536.716452241	1500	6500	BTF
48	Spectrogram 1	1	3536.497873264	3537.169873264	1500	6500	BTF
49	Spectrogram 1	1	3537.500539931	3538.172539931	1500	6500	BTF
50	Spectrogram 1	1	3540.999206597	3541.671206597	1500	6500	BTF
51	Spectrogram 1	1	3542.375206597	3543.047206597	1500	6500	BTF
52	Spectrogram 1	1	3547.930626465	3548.602626465	1500	6500	BTF
53	Spectrogram 1	1	3551.633876951	3552.305876951	1500	6500	BTF
54	Spectrogram 1	1	3560.231206597	3560.903206597	1500	6500	BTF
55	Spectrogram 1	1	3578.276135844	3578.948135844	1500	6500	BTF
56	Spectrogram 1	1	3586.588539931	3587.260539931	1500	6500	BTF
57	Spectrogram 1	1	3587.292539931	3587.964539931	1500	6500	BTF
58	Spectrogram 1	1	3587.943206597	3588.615206597	1500	6500	BTF
59	Spectrogram 1	1	3621.450926286	3622.122926286	1500	6500	BTF
60	Spectrogram 1	1	3627.30678125	3627.97878125	1500	6500	BTF
61	Spectrogram 1	1	3629.653447917	3630.325447917	1500	6500	BTF
62	Spectrogram 1	1	3631.189447917	3631.861447917	1500	6500	BTF
63	Spectrogram 1	1	3819.922419696	3820.594419696	1500	6500	BTF
64	Spectrogram 1	1	3823.048435956	3823.720435956	1500	6500	BTF
65	Spectrogram 1	1	3829.61078125	3830.28278125	1500	6500	BTF
66	Spectrogram 1	1	3835.231358147	3835.903358147	1500	6500	BTF
67	Spectrogram 1	1	3837.987454162	3838.659454162	1500	6500	BTF
68	Spectrogram 1	1	3840.141924161	3840.813924161	1500	6500	BTF
69	Spectrogram 1	1	3981.408114583	3982.080114583	1500	6500	BTF
70	Spectrogram 1	1	4083.840114583	4084.512114583	1500	6500	BTF
71	Spectrogram 1	1	4085.495488395	4086.167488395	1500	6500	BTF
72	Spectrogram 1	1	4087.349447917	4088.021447917	1500	6500	BTF
73	Spectrogram 1	1	4091.648114583	4092.320114583	1500	6500	BTF
74	Spectrogram 1	1	4097.301447917	4097.973447917	1500	6500	BTF
75	Spectrogram 1	1	4112.576114583	4113.248114583	1500	6500	BTF
76	Spectrogram 1	1	4113.641819036	4114.313819036	1500	6500	BTF
77	Spectrogram 1	1	4428.296158389	4428.968158389	1500	6500	BTF
78	Spectrogram 1	1	4430.30428847	4430.97628847	1500	6500	BTF
79	Spectrogram 1	1	4693.059689236	4693.731689236	1500	6500	BTF
80	Spectrogram 1	1	4694.126355903	4694.798355903	1500	6500	BTF
81	Spectrogram 1	1	4695.587689236	4696.259689236	1500	6500	BTF
82	Spectrogram 1	1	4988.860597222	4989.532597222	1500	6500	BTF
83	Spectrogram 1	1	4991.399263889	4992.071263889	1500	6500	BTF
84	Spectrogram 1	1	4994.620597222	4995.292597222	1500	6500	BTF
85	Spectrogram 1	1	5012.700597222	5013.372597222	1500	6500	BTF
86	Spectrogram 1	1	5028.199263889	5028.871263889	1500	6500	BTF
87	Spectrogram 1	1	5052.988597222	5053.660597222	1500	6500	BTF
88	Spectrogram 1	1	5094.364597222	5095.036597222	1500	6500	BTF
89	Spectrogram 1	1	5112.785930556	5113.457930556	1500	6500	BTF
90	Spectrogram 1	1	5135.068597222	5135.740597222	1500	6500	BTF
91	Spectrogram 1	1	5166.885277995	5167.557277995	1500	6500	BTF
92	Spectrogram 1	1	5176.486896019	5177.158896019	1500	6500	BTF
93	Spectrogram 1	1	5185.165754716	5185.837754716	1500	6500	BTF
94	Spectrogram 1	1	5202.5478623535	5203.2198623535	1500	6500	BTF
95	Spectrogram 1	1	5213.553930556	5214.225930556	1500	6500	BTF
96	Spectrogram 1	1	5236.465930556	5237.137930556	1500	6500	BTF
97	Spectrogram 1	1	5269.56002784	5270.23202784	1500	6500	BTF
98	Spectrogram 1	1	5415.921755904	5416.593755904	1500	6500	BTF
99	Spectrogram 1	1	5466.602838542	5467.274838542	1500	6500	BTF
100	Spectrogram 1	1	5470.730838542	5471.402838542	1500	6500	BTF
101	Spectrogram 1	1	5474.893278976	5475.565278976	1500	6500	BTF
102	Spectrogram 1	1	5501.525505208	5502.197505208	1500	6500	BTF
103	Spectrogram 1	1	5504.650838542	5505.322838542	1500	6500	BTF
104	Spectrogram 1	1	5507.530838542	5508.202838542	1500	6500	BTF
105	Spectrogram 1	1	5517.592442254	5518.264442254	1500	6500	BTF
106	Spectrogram 1	1	5519.221505208	5519.893505208	1500	6500	BTF
107	Spectrogram 1	1	5520.352171875	5521.024171875	1500	6500	BTF
108	Spectrogram 1	1	5522.432171875	5523.104171875	1500	6500	BTF
109	Spectrogram 1	1	5528.633084669	5529.305084669	1500	6500	BTF
110	Spectrogram 1	1	5537.994870195	5538.666870195	1500	6500	BTF
111	Spectrogram 1	1	5539.424171875	5540.096171875	1500	6500	BTF
112	Spectrogram 1	1	5541.551779218	5542.223779218	1500	6500	BTF
113	Spectrogram 1	1	5553.504171875	5554.176171875	1500	6500	BTF
114	Spectrogram 1	1	5556.474537262	5557.146537262	1500	6500	BTF
115	Spectrogram 1	1	5558.019252709	5558.691252709	1500	6500	BTF
116	Spectrogram 1	1	5567.168171875	5567.840171875	1500	6500	BTF
117	Spectrogram 1	1	5568.341505208	5569.013505208	1500	6500	BTF
118	Spectrogram 1	1	5570.069505208	5570.741505208	1500	6500	BTF
119	Spectrogram 1	1	5572.160171875	5572.832171875	1500	6500	BTF
120	Spectrogram 1	1	7153.449469809	7154.121469809	1500	6500	BTF
121	Spectrogram 1	1	3125.883610337	3126.555610337	1500	6500	BTF
