Selection	View	Channel	Begin Time (s)	End Time (s)	Low Freq (Hz)	High Freq (Hz)	Label
1	Spectrogram 1	1	148.741272154	149.413272154	1500	6500	BTF
2	Spectrogram 1	1	150.785987601	151.457987601	1500	6500	BTF
3	Spectrogram 1	1	155.395745226	156.067745226	1500	6500	BTF
4	Spectrogram 1	1	175.355099101	176.027099101	1500	6500	BTF
5	Spectrogram 1	1	177.192499002	177.864499002	1500	6500	BTF
6	Spectrogram 1	1	198.558353588	199.230353588	1500	6500	BTF
7	Spectrogram 1	1	200.790062432	201.462062432	1500	6500	BTF
8	Spectrogram 1	1	209.8713663	210.5433663	1500	6500	BTF
9	Spectrogram 1	1	217.977060411	218.649060411	1500	6500	BTF
10	Spectrogram 1	1	229.916089384	230.588089384	1500	6500	BTF
11	Spectrogram 1	1	284.013670215	284.685670215	1500	6500	BTF
12	Spectrogram 1	1	289.432369101	290.104369101	1500	6500	BTF
13	Spectrogram 1	1	340.489290026	341.161290026	1500	6500	BTF
14	Spectrogram 1	1	386.534015564	387.206015564	1500	6500	BTF
15	Spectrogram 1	1	411.104	411.776	1500	6500	BTF
16	Spectrogram 1	1	413.76	414.432	1500	6500	BTF
17	Spectrogram 1	1	415.573333333333	416.245333333333	1500	6500	BTF
18	Spectrogram 1	1	417.461333333333	418.133333333333	1500	6500	BTF
19	Spectrogram 1	1	417.855165994	418.527165994	1500	6500	BTF
20	Spectrogram 1	1	419.466666666667	420.138666666667	1500	6500	BTF
21	Spectrogram 1	1	420.586666666667	421.258666666667	1500	6500	BTF
22	Spectrogram 1	1	421.119395164	421.791395164	1500	6500	BTF
23	Spectrogram 1	1	421.365333333333	422.037333333333	1500	6500	BTF
24	Spectrogram 1	1	423.338666666667	424.010666666667	1500	6500	BTF
25	Spectrogram 1	1	424.566551163	425.238551163	1500	6500	BTF
26	Spectrogram 1	1	427.668177179	428.340177179	1500	6500	BTF
27	Spectrogram 1	1	429.115333178	429.787333178	1500	6500	BTF
28	Spectrogram 1	1	433.408	434.08	1500	6500	BTF
29	Spectrogram 1	1	434.802326575	435.474326575	1500	6500	BTF
30	Spectrogram 1	1	435.701333333333	436.373333333333	1500	6500	BTF
31	Spectrogram 1	1	444.48	445.152	1500	6500	BTF
32	Spectrogram 1	1	445.367371808	446.039371808	1500	6500	BTF
33	Spectrogram 1	1	445.909333333333	446.581333333333	1500	6500	BTF
34	Spectrogram 1	1	452.832	453.504	1500	6500	BTF
35	Spectrogram 1	1	478.933333333333	479.605333333333	1500	6500	BTF
36	Spectrogram 1	1	492.172268185	492.844268185	1500	6500	BTF
37	Spectrogram 1	1	494.656	495.328	1500	6500	BTF
38	Spectrogram 1	1	604.497504137	605.169504137	1500	6500	BTF
39	Spectrogram 1	1	618.310516849	618.982516849	1500	6500	BTF
40	Spectrogram 1	1	619.310516849	619.982516849	1500	6500	BTF
41	Spectrogram 1	1	621.562550897	622.234550897	1500	6500	BTF
42	Spectrogram 1	1	622.700762279	623.372762279	1500	6500	BTF
43	Spectrogram 1	1	623.946685763889	624.618685763889	1500	6500	BTF
44	Spectrogram 1	1	752.623567164	753.295567164	1500	6500	BTF
45	Spectrogram 1	1	753.526006188	754.198006188	1500	6500	BTF
46	Spectrogram 1	1	759.729261275	760.401261275	1500	6500	BTF
47	Spectrogram 1	1	1163.087125695	1163.759125695	1500	6500	BTF
48	Spectrogram 1	1	1163.887938703	1164.559938703	1500	6500	BTF
49	Spectrogram 1	1	1166.131841142	1166.803841142	1500	6500	BTF
50	Spectrogram 1	1	1173.123714115	1173.795714115	1500	6500	BTF
51	Spectrogram 1	1	1173.733470213	1174.405470213	1500	6500	BTF
52	Spectrogram 1	1	1176.54647987	1177.21847987	1500	6500	BTF
53	Spectrogram 1	1	1187.253801525	1187.925801525	1500	6500	BTF
54	Spectrogram 1	1	1190.753801525	1191.425801525	1500	6500	BTF
55	Spectrogram 1	1	1219.84003819444	1220.51203819444	1500	6500	BTF
56	Spectrogram 1	1	1222.026168113	1222.698168113	1500	6500	BTF
57	Spectrogram 1	1	1224.55868661	1225.23068661	1500	6500	BTF
58	Spectrogram 1	1	1227.12537152778	1227.79737152778	1500	6500	BTF
59	Spectrogram 1	1	2297.872050657	2298.544050657	1500	6500	BTF
60	Spectrogram 1	1	2327.697262773	2328.369262773	1500	6500	BTF
61	Spectrogram 1	1	2350.685075721	2351.357075721	1500	6500	BTF
62	Spectrogram 1	1	2410.41074305556	2411.08274305556	1500	6500	BTF
63	Spectrogram 1	1	2417.32274305556	2417.99474305556	1500	6500	BTF
64	Spectrogram 1	1	2424.94940972222	2425.62140972222	1500	6500	BTF
65	Spectrogram 1	1	2434.56007638889	2435.23207638889	1500	6500	BTF
66	Spectrogram 1	1	2440.68274305556	2441.35474305556	1500	6500	BTF
67	Spectrogram 1	1	2449.10940972222	2449.78140972222	1500	6500	BTF
68	Spectrogram 1	1	2451.82940972222	2452.50140972222	1500	6500	BTF
69	Spectrogram 1	1	2461.64274305556	2462.31474305556	1500	6500	BTF
70	Spectrogram 1	1	2470.74140972222	2471.41340972222	1500	6500	BTF
71	Spectrogram 1	1	2473.41874305556	2474.09074305556	1500	6500	BTF
72	Spectrogram 1	1	2476.24540972222	2476.91740972222	1500	6500	BTF
73	Spectrogram 1	1	2497.33340972222	2498.00540972222	1500	6500	BTF
74	Spectrogram 1	1	2510.742016928	2511.414016928	1500	6500	BTF
75	Spectrogram 1	1	2521.20540972222	2521.87740972222	1500	6500	BTF
76	Spectrogram 1	1	2540.884304042	2541.556304042	1500	6500	BTF
77	Spectrogram 1	1	2570.034689519	2570.706689519	1500	6500	BTF
78	Spectrogram 1	1	2576.26674305556	2576.93874305556	1500	6500	BTF
79	Spectrogram 1	1	2580.079408021	2580.751408021	1500	6500	BTF
80	Spectrogram 1	1	2609.74940972222	2610.42140972222	1500	6500	BTF
81	Spectrogram 1	1	2639.68007638889	2640.35207638889	1500	6500	BTF
82	Spectrogram 1	1	2661.48274305556	2662.15474305556	1500	6500	BTF
83	Spectrogram 1	1	2673.51474305556	2674.18674305556	1500	6500	BTF
84	Spectrogram 1	1	2883.77462592	2884.44662592	1500	6500	BTF
85	Spectrogram 1	1	2887.559180293	2888.231180293	1500	6500	BTF
86	Spectrogram 1	1	2929.758384086	2930.430384086	1500	6500	BTF
87	Spectrogram 1	1	2996.571409944	2997.243409944	1500	6500	BTF
88	Spectrogram 1	1	3064.61876215278	3065.29076215278	1500	6500	BTF
89	Spectrogram 1	1	3115.425107591	3116.097107591	1500	6500	BTF
90	Spectrogram 1	1	3116.96009548611	3117.63209548611	1500	6500	BTF
91	Spectrogram 1	1	3120.18933676	3120.86133676	1500	6500	BTF
92	Spectrogram 1	1	3120.37226359	3121.04426359	1500	6500	BTF
93	Spectrogram 1	1	3120.884458711	3121.556458711	1500	6500	BTF
94	Spectrogram 1	1	3353.339816603	3354.011816603	1500	6500	BTF
95	Spectrogram 1	1	3354.518678391	3355.190678391	1500	6500	BTF
96	Spectrogram 1	1	3670.12278125	3670.79478125	1500	6500	BTF
97	Spectrogram 1	1	3672.53344791667	3673.20544791667	1500	6500	BTF
98	Spectrogram 1	1	3674.40011458333	3675.07211458333	1500	6500	BTF
99	Spectrogram 1	1	3676.091954536	3676.763954536	1500	6500	BTF
100	Spectrogram 1	1	4066.31478125	4066.98678125	1500	6500	BTF
101	Spectrogram 1	1	4098.84811458333	4099.52011458333	1500	6500	BTF
102	Spectrogram 1	1	4142.018952439	4142.690952439	1500	6500	BTF
103	Spectrogram 1	1	4143.72278125	4144.39478125	1500	6500	BTF
104	Spectrogram 1	1	4146.35744791667	4147.02944791667	1500	6500	BTF
105	Spectrogram 1	1	4148.62944791667	4149.30144791667	1500	6500	BTF
106	Spectrogram 1	1	4152.42678125	4153.09878125	1500	6500	BTF
107	Spectrogram 1	1	5125.393254379	5126.065254379	1500	6500	BTF
108	Spectrogram 1	1	5127.669677143	5128.341677143	1500	6500	BTF
109	Spectrogram 1	1	5134.55585906	5135.22785906	1500	6500	BTF
110	Spectrogram 1	1	5199.19815321	5199.87015321	1500	6500	BTF
111	Spectrogram 1	1	5200.299775138	5200.971775138	1500	6500	BTF
112	Spectrogram 1	1	5200.84281944444	5201.51481944444	1500	6500	BTF
113	Spectrogram 1	1	5204.13881944444	5204.81081944444	1500	6500	BTF
114	Spectrogram 1	1	5205.210345771	5205.882345771	1500	6500	BTF
115	Spectrogram 1	1	5205.65348611111	5206.32548611111	1500	6500	BTF
116	Spectrogram 1	1	5208.26725634	5208.93925634	1500	6500	BTF
117	Spectrogram 1	1	5218.06948611111	5218.74148611111	1500	6500	BTF
118	Spectrogram 1	1	5219.576200656	5220.248200656	1500	6500	BTF
119	Spectrogram 1	1	5221.421730639	5222.093730639	1500	6500	BTF
120	Spectrogram 1	1	5222.16548611111	5222.83748611111	1500	6500	BTF
121	Spectrogram 1	1	5230.93348611111	5231.60548611111	1500	6500	BTF
122	Spectrogram 1	1	5269.56815277778	5270.24015277778	1500	6500	BTF
123	Spectrogram 1	1	5271.23215277778	5271.90415277778	1500	6500	BTF
124	Spectrogram 1	1	5273.100610095	5273.772610095	1500	6500	BTF
125	Spectrogram 1	1	5278.39735959	5279.06935959	1500	6500	BTF
126	Spectrogram 1	1	5278.755083167	5279.427083167	1500	6500	BTF
127	Spectrogram 1	1	5280.759137372	5281.431137372	1500	6500	BTF
128	Spectrogram 1	1	5281.68548611111	5282.35748611111	1500	6500	BTF
129	Spectrogram 1	1	5282.62092599	5283.29292599	1500	6500	BTF
130	Spectrogram 1	1	5284.24548611111	5284.91748611111	1500	6500	BTF
131	Spectrogram 1	1	5296.88548611111	5297.55748611111	1500	6500	BTF
132	Spectrogram 1	1	5297.348574376	5298.020574376	1500	6500	BTF
133	Spectrogram 1	1	5299.08281944444	5299.75481944444	1500	6500	BTF
134	Spectrogram 1	1	5302.433941757	5303.105941757	1500	6500	BTF
135	Spectrogram 1	1	5302.787600293	5303.459600293	1500	6500	BTF
136	Spectrogram 1	1	5303.32815277778	5304.00015277778	1500	6500	BTF
137	Spectrogram 1	1	5304.44815277778	5305.12015277778	1500	6500	BTF
138	Spectrogram 1	1	5312.32015277778	5312.99215277778	1500	6500	BTF
139	Spectrogram 1	1	5315.00815277778	5315.68015277778	1500	6500	BTF
140	Spectrogram 1	1	5391.982753339	5392.654753339	1500	6500	BTF
141	Spectrogram 1	1	5409.807964228	5410.479964228	1500	6500	BTF
142	Spectrogram 1	1	5425.690084159	5426.362084159	1500	6500	BTF
143	Spectrogram 1	1	5439.336430204	5440.008430204	1500	6500	BTF
144	Spectrogram 1	1	5446.039685291	5446.711685291	1500	6500	BTF
145	Spectrogram 1	1	5452.535623305	5453.207623305	1500	6500	BTF
146	Spectrogram 1	1	5454.836436314	5455.508436314	1500	6500	BTF
147	Spectrogram 1	1	5460.87483854167	5461.54683854167	1500	6500	BTF
148	Spectrogram 1	1	5469.978718846	5470.650718846	1500	6500	BTF
149	Spectrogram 1	1	5567.210456109	5567.882456109	1500	6500	BTF
150	Spectrogram 1	1	7136.154025876	7136.826025876	1500	6500	BTF
151	Spectrogram 1	1	7137.55239986	7138.22439986	1500	6500	BTF
152	Spectrogram 1	1	7139.072725063	7139.744725063	1500	6500	BTF
153	Spectrogram 1	1	7142.182482688	7142.854482688	1500	6500	BTF
154	Spectrogram 1	1	7143.942646817	7144.614646817	1500	6500	BTF
155	Spectrogram 1	1	7145.560532996	7146.232532996	1500	6500	BTF
156	Spectrogram 1	1	7147.064598037	7147.736598037	1500	6500	BTF
157	Spectrogram 1	1	7152.66154340278	7153.33354340278	1500	6500	BTF
