Selection	View	Channel	Begin Time (s)	End Time (s)	Low Freq (Hz)	High Freq (Hz)	Label
1	Spectrogram 1	1	0	0.672	1500	6500	BTF
2	Spectrogram 1	1	6.895708844	7.567708844	1500	6500	BTF
3	Spectrogram 1	1	20.411975116	21.083975116	1500	6500	BTF
4	Spectrogram 1	1	40.341333333	41.013333333	1500	6500	BTF
5	Spectrogram 1	1	42.048	42.72	1500	6500	BTF
6	Spectrogram 1	1	47.968	48.64	1500	6500	BTF
7	Spectrogram 1	1	51.125333333	51.797333333	1500	6500	BTF
8	Spectrogram 1	1	53.632	54.304	1500	6500	BTF
9	Spectrogram 1	1	54.752	55.424	1500	6500	BTF
10	Spectrogram 1	1	55.84	56.512	1500	6500	BTF
11	Spectrogram 1	1	57.472	58.144	1500	6500	BTF
12	Spectrogram 1	1	59.850666667	60.522666667	1500	6500	BTF
13	Spectrogram 1	1	61.793741881	62.465741881	1500	6500	BTF
14	Spectrogram 1	1	64.64	65.312	1500	6500	BTF
15	Spectrogram 1	1	214.986666667	215.658666667	1500	6500	BTF
16	Spectrogram 1	1	221.962666667	222.634666667	1500	6500	BTF
17	Spectrogram 1	1	224.426666667	225.098666667	1500	6500	BTF
18	Spectrogram 1	1	225.930666667	226.602666667	1500	6500	BTF
19	Spectrogram 1	1	241.621333333	242.293333333	1500	6500	BTF
20	Spectrogram 1	1	244.074666667	244.746666667	1500	6500	BTF
21	Spectrogram 1	1	253.020147103	253.692147103	1500	6500	BTF
22	Spectrogram 1	1	275.495095938	276.167095938	1500	6500	BTF
23	Spectrogram 1	1	277.738998377	278.410998377	1500	6500	BTF
24	Spectrogram 1	1	282.34399594	283.01599594	1500	6500	BTF
25	Spectrogram 1	1	284.869786085	285.541786085	1500	6500	BTF
26	Spectrogram 1	1	315.312096494	315.984096494	1500	6500	BTF
27	Spectrogram 1	1	535.786666667	536.458666667	1500	6500	BTF
28	Spectrogram 1	1	537.162666667	537.834666667	1500	6500	BTF
29	Spectrogram 1	1	538.762666667	539.434666667	1500	6500	BTF
30	Spectrogram 1	1	542.090666667	542.762666667	1500	6500	BTF
31	Spectrogram 1	1	602.021576494	602.693576494	1500	6500	BTF
32	Spectrogram 1	1	627.334590433	628.006590433	1500	6500	BTF
33	Spectrogram 1	1	630.029713911	630.701713911	1500	6500	BTF
34	Spectrogram 1	1	631.387437488	632.059437488	1500	6500	BTF
35	Spectrogram 1	1	632.594756089	633.266756089	1500	6500	BTF
36	Spectrogram 1	1	634.489065032	635.161065032	1500	6500	BTF
37	Spectrogram 1	1	635.712642268	636.384642268	1500	6500	BTF
38	Spectrogram 1	1	636.830529974	637.502529974	1500	6500	BTF
39	Spectrogram 1	1	662.111023588	662.783023588	1500	6500	BTF
40	Spectrogram 1	1	669.789888431	670.461888431	1500	6500	BTF
41	Spectrogram 1	1	680.371190471	681.043190471	1500	6500	BTF
42	Spectrogram 1	1	1446.046249878	1446.718249878	1500	6500	BTF
43	Spectrogram 1	1	1450.164137585	1450.836137585	1500	6500	BTF
44	Spectrogram 1	1	1615.753625918	1616.425625918	1500	6500	BTF
45	Spectrogram 1	1	1616.574764129	1617.246764129	1500	6500	BTF
46	Spectrogram 1	1	1713.310569788	1713.982569788	1500	6500	BTF
47	Spectrogram 1	1	1715.147968162	1715.819968162	1500	6500	BTF
48	Spectrogram 1	1	1717.733335543	1718.405335543	1500	6500	BTF
49	Spectrogram 1	1	1726.070736972	1726.742736972	1500	6500	BTF
50	Spectrogram 1	1	1727.676428029	1728.348428029	1500	6500	BTF
51	Spectrogram 1	1	2304.351429467	2305.023429467	1500	6500	BTF
52	Spectrogram 1	1	2353.286407145	2353.958407145	1500	6500	BTF
53	Spectrogram 1	1	2355.172586007	2355.844586007	1500	6500	BTF
54	Spectrogram 1	1	2357.322994038	2357.994994038	1500	6500	BTF
55	Spectrogram 1	1	2359.107546884	2359.779546884	1500	6500	BTF
56	Spectrogram 1	1	2361.888032861	2362.560032861	1500	6500	BTF
57	Spectrogram 1	1	2362.205106032	2362.877106032	1500	6500	BTF
58	Spectrogram 1	1	2363.829723918	2364.501723918	1500	6500	BTF
59	Spectrogram 1	1	2366.140066909	2366.812066909	1500	6500	BTF
60	Spectrogram 1	1	2366.623806746	2367.295806746	1500	6500	BTF
61	Spectrogram 1	1	2368.843320469	2369.515320469	1500	6500	BTF
62	Spectrogram 1	1	2373.871773925	2374.543773925	1500	6500	BTF
63	Spectrogram 1	1	2377.932751063	2378.604751063	1500	6500	BTF
64	Spectrogram 1	1	2381.140069663	2381.812069663	1500	6500	BTF
65	Spectrogram 1	1	2383.554703809	2384.226703809	1500	6500	BTF
66	Spectrogram 1	1	2616.603560991	2617.275560991	1500	6500	BTF
67	Spectrogram 1	1	2618.133409722	2618.805409722	1500	6500	BTF
68	Spectrogram 1	1	2622.603562518	2623.275562518	1500	6500	BTF
69	Spectrogram 1	1	2630.229409722	2630.901409722	1500	6500	BTF
70	Spectrogram 1	1	2631.584076389	2632.256076389	1500	6500	BTF
71	Spectrogram 1	1	2637.760076389	2638.432076389	1500	6500	BTF
72	Spectrogram 1	1	2647.989409722	2648.661409722	1500	6500	BTF
73	Spectrogram 1	1	2657.429409722	2658.101409722	1500	6500	BTF
74	Spectrogram 1	1	2663.445409722	2664.117409722	1500	6500	BTF
75	Spectrogram 1	1	2665.856076389	2666.528076389	1500	6500	BTF
76	Spectrogram 1	1	2767.989409722	2768.661409722	1500	6500	BTF
77	Spectrogram 1	1	2770.250743056	2770.922743056	1500	6500	BTF
78	Spectrogram 1	1	2776.693409722	2777.365409722	1500	6500	BTF
79	Spectrogram 1	1	2781.130743056	2781.802743056	1500	6500	BTF
80	Spectrogram 1	1	3015.925428819	3016.597428819	1500	6500	BTF
81	Spectrogram 1	1	4632.129366494	4632.801366494	1500	6500	BTF
82	Spectrogram 1	1	4636.665953387	4637.337953387	1500	6500	BTF
83	Spectrogram 1	1	4678.4505129685	4679.1225129685	1500	6500	BTF
84	Spectrogram 1	1	4692.885478428	4693.557478428	1500	6500	BTF
85	Spectrogram 1	1	4717.950528242	4718.622528242	1500	6500	BTF
86	Spectrogram 1	1	4764.165988842	4764.837988842	1500	6500	BTF
87	Spectrogram 1	1	5327.080743823	5327.752743823	1500	6500	BTF
88	Spectrogram 1	1	5327.865296668	5328.537296668	1500	6500	BTF
89	Spectrogram 1	1	5379.027912013	5379.699912013	1500	6500	BTF
90	Spectrogram 1	1	5524.397858819	5525.069858819	1500	6500	BTF
91	Spectrogram 1	1	5527.584852216	5528.256852216	1500	6500	BTF
92	Spectrogram 1	1	5533.454702709	5534.126702709	1500	6500	BTF
93	Spectrogram 1	1	5534.0238084	5534.6958084	1500	6500	BTF
94	Spectrogram 1	1	5557.596981586	5558.268981586	1500	6500	BTF
95	Spectrogram 1	1	5557.889664513	5558.561664513	1500	6500	BTF
96	Spectrogram 1	1	5562.023812382	5562.695812382	1500	6500	BTF
97	Spectrogram 1	1	5581.153897964	5581.825897964	1500	6500	BTF
98	Spectrogram 1	1	5724.064478497	5724.736478497	1500	6500	BTF
99	Spectrogram 1	1	5764.304331169	5764.976331169	1500	6500	BTF
100	Spectrogram 1	1	5773.56042843	5774.23242843	1500	6500	BTF
101	Spectrogram 1	1	5775.930348656	5776.602348656	1500	6500	BTF
102	Spectrogram 1	1	5806.706782112	5807.378782112	1500	6500	BTF
103	Spectrogram 1	1	5810.605157623	5811.277157623	1500	6500	BTF
104	Spectrogram 1	1	5813.422232321	5814.094232321	1500	6500	BTF
105	Spectrogram 1	1	5818.86938832	5819.54138832	1500	6500	BTF
106	Spectrogram 1	1	5887.182424864	5887.854424864	1500	6500	BTF
107	Spectrogram 1	1	5892.036084927	5892.708084927	1500	6500	BTF
108	Spectrogram 1	1	5898.080803429	5898.752803429	1500	6500	BTF
109	Spectrogram 1	1	5902.568609835	5903.240609835	1500	6500	BTF
110	Spectrogram 1	1	6090.869524306	6091.541524306	1500	6500	BTF
111	Spectrogram 1	1	6098.997524306	6099.669524306	1500	6500	BTF
112	Spectrogram 1	1	6231.698739123	6232.370739123	1500	6500	BTF
113	Spectrogram 1	1	6232.608190972	6233.280190972	1500	6500	BTF
114	Spectrogram 1	1	6406.682519948	6407.354519948	1500	6500	BTF
115	Spectrogram 1	1	6751.987503283	6752.659503283	1500	6500	BTF
116	Spectrogram 1	1	6754.41026751	6755.08226751	1500	6500	BTF
117	Spectrogram 1	1	6757.333033265	6758.005033265	1500	6500	BTF
118	Spectrogram 1	1	6783.38995428	6784.06195428	1500	6500	BTF
119	Spectrogram 1	1	6785.093206312	6785.765206312	1500	6500	BTF
120	Spectrogram 1	1	6820.515987113	6821.187987113	1500	6500	BTF
121	Spectrogram 1	1	6875.938757853	6876.610757853	1500	6500	BTF
122	Spectrogram 1	1	6878.503798503	6879.175798503	1500	6500	BTF
123	Spectrogram 1	1	6881.120210069	6881.792210069	1500	6500	BTF
124	Spectrogram 1	1	6885.479411314	6886.151411314	1500	6500	BTF
125	Spectrogram 1	1	6888.365591703	6889.037591703	1500	6500	BTF
126	Spectrogram 1	1	7047.72337302	7048.39537302	1500	6500	BTF
127	Spectrogram 1	1	7151.259963155	7151.931963155	1500	6500	BTF
128	Spectrogram 1	1	7153.812808683	7154.484808683	1500	6500	BTF
129	Spectrogram 1	1	7195.588852348	7196.260852348	1500	6500	BTF
