Selection	View	Channel	Begin Time (s)	End Time (s)	Low Freq (Hz)	High Freq (Hz)	Label
1	Spectrogram 1	1	37.411960776	38.083960776	1500	6500	BTF
2	Spectrogram 1	1	40.582692483	41.254692483	1500	6500	BTF
3	Spectrogram 1	1	42.582694011	43.254694011	1500	6500	BTF
4	Spectrogram 1	1	46.241232123	46.913232123	1500	6500	BTF
5	Spectrogram 1	1	222.0705483	222.7425483	1500	6500	BTF
6	Spectrogram 1	1	223.253333333333	223.925333333333	1500	6500	BTF
7	Spectrogram 1	1	224.716881886	225.388881886	1500	6500	BTF
8	Spectrogram 1	1	225.205333333333	225.877333333333	1500	6500	BTF
9	Spectrogram 1	1	226.359158309	227.031158309	1500	6500	BTF
10	Spectrogram 1	1	227.253467252	227.925467252	1500	6500	BTF
11	Spectrogram 1	1	229.024	229.696	1500	6500	BTF
12	Spectrogram 1	1	229.290054145	229.962054145	1500	6500	BTF
13	Spectrogram 1	1	231.997372746	232.669372746	1500	6500	BTF
14	Spectrogram 1	1	232.700624779	233.372624779	1500	6500	BTF
15	Spectrogram 1	1	233.440462177	234.112462177	1500	6500	BTF
16	Spectrogram 1	1	238.122666666667	238.794666666667	1500	6500	BTF
17	Spectrogram 1	1	249.680305685	250.352305685	1500	6500	BTF
18	Spectrogram 1	1	250.220956091	250.892956091	1500	6500	BTF
19	Spectrogram 1	1	250.538666666667	251.210666666667	1500	6500	BTF
20	Spectrogram 1	1	252.576	253.248	1500	6500	BTF
21	Spectrogram 1	1	265.152	265.824	1500	6500	BTF
22	Spectrogram 1	1	312.288	312.96	1500	6500	BTF
23	Spectrogram 1	1	441.781333333333	442.453333333333	1500	6500	BTF
24	Spectrogram 1	1	442.389333333333	443.061333333333	1500	6500	BTF
25	Spectrogram 1	1	671.294282012	671.966282012	1500	6500	BTF
26	Spectrogram 1	1	672.806477134	673.478477134	1500	6500	BTF
27	Spectrogram 1	1	674.753631606	675.425631606	1500	6500	BTF
28	Spectrogram 1	1	676.54631606	677.21831606	1500	6500	BTF
29	Spectrogram 1	1	696.741445648	697.413445648	1500	6500	BTF
30	Spectrogram 1	1	698.436567599	699.108567599	1500	6500	BTF
31	Spectrogram 1	1	703.135754291	703.807754291	1500	6500	BTF
32	Spectrogram 1	1	708.965024111	709.637024111	1500	6500	BTF
33	Spectrogram 1	1	712.176407752	712.848407752	1500	6500	BTF
34	Spectrogram 1	1	714.66421263	715.33621263	1500	6500	BTF
35	Spectrogram 1	1	715.180472792	715.852472792	1500	6500	BTF
36	Spectrogram 1	1	716.111368629	716.783368629	1500	6500	BTF
37	Spectrogram 1	1	721.769906741	722.441906741	1500	6500	BTF
38	Spectrogram 1	1	726.156087131	726.828087131	1500	6500	BTF
39	Spectrogram 1	1	727.038202479	727.710202479	1500	6500	BTF
40	Spectrogram 1	1	727.652023617	728.324023617	1500	6500	BTF
41	Spectrogram 1	1	734.15608914	734.82808914	1500	6500	BTF
42	Spectrogram 1	1	739.611376748	740.283376748	1500	6500	BTF
43	Spectrogram 1	1	746.217069332	746.889069332	1500	6500	BTF
44	Spectrogram 1	1	749.513818827	750.185818827	1500	6500	BTF
45	Spectrogram 1	1	766.942916945	767.614916945	1500	6500	BTF
46	Spectrogram 1	1	772.520154245	773.192154245	1500	6500	BTF
47	Spectrogram 1	1	774.00318981	774.67518981	1500	6500	BTF
48	Spectrogram 1	1	776.385303632	777.057303632	1500	6500	BTF
49	Spectrogram 1	1	778.238954254	778.910954254	1500	6500	BTF
50	Spectrogram 1	1	781.149524887	781.821524887	1500	6500	BTF
51	Spectrogram 1	1	783.682045212	784.354045212	1500	6500	BTF
52	Spectrogram 1	1	788.645462901	789.317462901	1500	6500	BTF
53	Spectrogram 1	1	836.702385088	837.374385088	1500	6500	BTF
54	Spectrogram 1	1	1070.64149471	1071.31349471	1500	6500	BTF
55	Spectrogram 1	1	1168.515497054	1169.187497054	1500	6500	BTF
56	Spectrogram 1	1	1174.07240915	1174.74440915	1500	6500	BTF
57	Spectrogram 1	1	1242.45337152778	1243.12537152778	1500	6500	BTF
58	Spectrogram 1	1	1246.63470486111	1247.30670486111	1500	6500	BTF
59	Spectrogram 1	1	1261.393574253	1262.065574253	1500	6500	BTF
60	Spectrogram 1	1	1267.59470486111	1268.26670486111	1500	6500	BTF
61	Spectrogram 1	1	1571.141629316	1571.813629316	1500	6500	BTF
62	Spectrogram 1	1	1572.434312243	1573.106312243	1500	6500	BTF
63	Spectrogram 1	1	1578.178216209	1578.850216209	1500	6500	BTF
64	Spectrogram 1	1	1585.702609508	1586.374609508	1500	6500	BTF
65	Spectrogram 1	1	1771.755520112	1772.427520112	1500	6500	BTF
66	Spectrogram 1	1	1826.43205729167	1827.10405729167	1500	6500	BTF
67	Spectrogram 1	1	1828.003508974	1828.675508974	1500	6500	BTF
68	Spectrogram 1	1	1828.491313852	1829.163313852	1500	6500	BTF
69	Spectrogram 1	1	1829.544159381	1830.216159381	1500	6500	BTF
70	Spectrogram 1	1	1835.300256498	1835.972256498	1500	6500	BTF
71	Spectrogram 1	1	1839.613267683	1840.285267683	1500	6500	BTF
72	Spectrogram 1	1	1873.723035999	1874.395035999	1500	6500	BTF
73	Spectrogram 1	1	1874.965390625	1875.637390625	1500	6500	BTF
74	Spectrogram 1	1	1896.145809391	1896.817809391	1500	6500	BTF
75	Spectrogram 1	1	1898.304345976	1898.976345976	1500	6500	BTF
76	Spectrogram 1	1	1900.981390625	1901.653390625	1500	6500	BTF
77	Spectrogram 1	1	1920.60805729167	1921.28005729167	1500	6500	BTF
78	Spectrogram 1	1	1928.757390625	1929.429390625	1500	6500	BTF
79	Spectrogram 1	1	1931.296228114	1931.968228114	1500	6500	BTF
80	Spectrogram 1	1	1935.637390625	1936.309390625	1500	6500	BTF
81	Spectrogram 1	1	1943.71493341	1944.38693341	1500	6500	BTF
82	Spectrogram 1	1	1947.954772336	1948.626772336	1500	6500	BTF
83	Spectrogram 1	1	1951.706806384	1952.378806384	1500	6500	BTF
84	Spectrogram 1	1	1956.23472395833	1956.90672395833	1500	6500	BTF
85	Spectrogram 1	1	1957.572661569	1958.244661569	1500	6500	BTF
86	Spectrogram 1	1	1972.788114833	1973.460114833	1500	6500	BTF
87	Spectrogram 1	1	1981.397390625	1982.069390625	1500	6500	BTF
88	Spectrogram 1	1	1989.80272395833	1990.47472395833	1500	6500	BTF
89	Spectrogram 1	1	2021.186507145	2021.858507145	1500	6500	BTF
90	Spectrogram 1	1	2024.771874526	2025.443874526	1500	6500	BTF
91	Spectrogram 1	1	2059.4873339	2060.1593339	1500	6500	BTF
92	Spectrogram 1	1	2060.527985833	2061.199985833	1500	6500	BTF
93	Spectrogram 1	1	2272.181390625	2272.853390625	1500	6500	BTF
94	Spectrogram 1	1	2287.910169938	2288.582169938	1500	6500	BTF
95	Spectrogram 1	1	2289.2963488	2289.9683488	1500	6500	BTF
96	Spectrogram 1	1	2291.194722784	2291.866722784	1500	6500	BTF
97	Spectrogram 1	1	2299.450824927	2300.122824927	1500	6500	BTF
98	Spectrogram 1	1	2307.41017422	2308.08217422	1500	6500	BTF
99	Spectrogram 1	1	2381.706940143	2382.378940143	1500	6500	BTF
100	Spectrogram 1	1	2382.17605729167	2382.84805729167	1500	6500	BTF
101	Spectrogram 1	1	2383.158159655	2383.830159655	1500	6500	BTF
102	Spectrogram 1	1	2393.369546351	2394.041546351	1500	6500	BTF
103	Spectrogram 1	1	2398.62405729167	2399.29605729167	1500	6500	BTF
104	Spectrogram 1	1	2402.78407638889	2403.45607638889	1500	6500	BTF
105	Spectrogram 1	1	2413.584997787	2414.256997787	1500	6500	BTF
106	Spectrogram 1	1	2415.1662986	2415.8382986	1500	6500	BTF
107	Spectrogram 1	1	2419.963048095	2420.635048095	1500	6500	BTF
108	Spectrogram 1	1	2518.17607638889	2518.84807638889	1500	6500	BTF
109	Spectrogram 1	1	2520.150071439	2520.822071439	1500	6500	BTF
110	Spectrogram 1	1	2541.50373914	2542.17573914	1500	6500	BTF
111	Spectrogram 1	1	2543.292357026	2543.964357026	1500	6500	BTF
112	Spectrogram 1	1	2544.072844831	2544.744844831	1500	6500	BTF
113	Spectrogram 1	1	2723.402168434	2724.074168434	1500	6500	BTF
114	Spectrogram 1	1	2781.215196119	2781.887196119	1500	6500	BTF
115	Spectrogram 1	1	2834.337163839	2835.009163839	1500	6500	BTF
116	Spectrogram 1	1	2837.96274305556	2838.63474305556	1500	6500	BTF
117	Spectrogram 1	1	2950.772160772	2951.444160772	1500	6500	BTF
118	Spectrogram 1	1	3036.66142881944	3037.33342881944	1500	6500	BTF
119	Spectrogram 1	1	3041.077067239	3041.749067239	1500	6500	BTF
120	Spectrogram 1	1	3045.654304539	3046.326304539	1500	6500	BTF
121	Spectrogram 1	1	3427.16809548611	3427.84009548611	1500	6500	BTF
122	Spectrogram 1	1	3435.353616199	3436.025616199	1500	6500	BTF
123	Spectrogram 1	1	3437.45076215278	3438.12276215278	1500	6500	BTF
124	Spectrogram 1	1	3739.504122006	3740.176122006	1500	6500	BTF
125	Spectrogram 1	1	4475.853969694	4476.525969694	1500	6500	BTF
126	Spectrogram 1	1	5888.752790418	5889.424790418	1500	6500	BTF
127	Spectrogram 1	1	5890.269050581	5890.941050581	1500	6500	BTF
128	Spectrogram 1	1	6225.484605903	6226.156605903	1500	6500	BTF
129	Spectrogram 1	1	6473.47219097222	6474.14419097222	1500	6500	BTF
130	Spectrogram 1	1	6486.65619097222	6487.32819097222	1500	6500	BTF
131	Spectrogram 1	1	6502.65619097222	6503.32819097222	1500	6500	BTF
132	Spectrogram 1	1	6517.18419097222	6517.85619097222	1500	6500	BTF
133	Spectrogram 1	1	6627.635138301	6628.307138301	1500	6500	BTF
134	Spectrogram 1	1	6628.383105781	6629.055105781	1500	6500	BTF
135	Spectrogram 1	1	6629.77087673611	6630.44287673611	1500	6500	BTF
136	Spectrogram 1	1	6812.81087673611	6813.48287673611	1500	6500	BTF
137	Spectrogram 1	1	6946.712472776	6947.384472776	1500	6500	BTF
