Selection	View	Channel	Begin Time (s)	End Time (s)	Low Freq (Hz)	High Freq (Hz)	Label
1	Spectrogram 1	1	16.585953625	17.257953625	1500	6500	BTF
2	Spectrogram 1	1	28.790833277	29.462833277	1500	6500	BTF
3	Spectrogram 1	1	33.800517693	34.472517693	1500	6500	BTF
4	Spectrogram 1	1	52.541980959	53.213980959	1500	6500	BTF
5	Spectrogram 1	1	56.927346812	57.599346812	1500	6500	BTF
6	Spectrogram 1	1	59.844420785	60.516420785	1500	6500	BTF
7	Spectrogram 1	1	65.424909391	66.096909391	1500	6500	BTF
8	Spectrogram 1	1	67.844422388	68.516422388	1500	6500	BTF
9	Spectrogram 1	1	71.254178486	71.926178486	1500	6500	BTF
10	Spectrogram 1	1	124.507838011	125.179838011	1500	6500	BTF
11	Spectrogram 1	1	144.576134702	145.248134702	1500	6500	BTF
12	Spectrogram 1	1	278.268840076	278.940840076	1500	6500	BTF
13	Spectrogram 1	1	303.424941645	304.096941645	1500	6500	BTF
14	Spectrogram 1	1	311.585918057	312.257918057	1500	6500	BTF
15	Spectrogram 1	1	322.351770765	323.023770765	1500	6500	BTF
16	Spectrogram 1	1	352.137141428	352.809141428	1500	6500	BTF
17	Spectrogram 1	1	546.346926238	547.018926238	1500	6500	BTF
18	Spectrogram 1	1	573.005467633	573.677467633	1500	6500	BTF
20	Spectrogram 1	1	1036.849401118	1037.521401118	1500	6500	BTF
21	Spectrogram 1	1	1061.117698611	1061.789698611	1500	6500	BTF
22	Spectrogram 1	1	1062.337210807	1063.009210807	1500	6500	BTF
23	Spectrogram 1	1	1064.337210807	1065.009210807	1500	6500	BTF
24	Spectrogram 1	1	1065.864040876	1066.536040876	1500	6500	BTF
25	Spectrogram 1	1	1069.273796974	1069.945796974	1500	6500	BTF
26	Spectrogram 1	1	1072.990870946	1073.662870946	1500	6500	BTF
27	Spectrogram 1	1	1074.395748995	1075.067748995	1500	6500	BTF
28	Spectrogram 1	1	1143.634761697	1144.306761697	1500	6500	BTF
29	Spectrogram 1	1	1185.820073786	1186.492073786	1500	6500	BTF
30	Spectrogram 1	1	1186.834707932	1187.506707932	1500	6500	BTF
31	Spectrogram 1	1	1223.707881721	1224.379881721	1500	6500	BTF
32	Spectrogram 1	1	1226.966418307	1227.638418307	1500	6500	BTF
33	Spectrogram 1	1	1476.361510358	1477.033510358	1500	6500	BTF
34	Spectrogram 1	1	1480.176144504	1480.848144504	1500	6500	BTF
35	Spectrogram 1	1	1481.302973772	1481.974973772	1500	6500	BTF
36	Spectrogram 1	1	1515.420053356	1516.092053356	1500	6500	BTF
37	Spectrogram 1	1	1519.302980186	1519.974980186	1500	6500	BTF
38	Spectrogram 1	1	1588.420058671	1589.092058671	1500	6500	BTF
39	Spectrogram 1	1	1589.449326963	1590.121326963	1500	6500	BTF
40	Spectrogram 1	1	1596.4297583	1597.1017583	1500	6500	BTF
41	Spectrogram 1	1	1606.712686732	1607.384686732	1500	6500	BTF
42	Spectrogram 1	1	1608.863906244	1609.535906244	1500	6500	BTF
43	Spectrogram 1	1	1609.493175339	1610.165175339	1500	6500	BTF
44	Spectrogram 1	1	1611.317565583	1611.989565583	1500	6500	BTF
45	Spectrogram 1	1	1611.907809485	1612.579809485	1500	6500	BTF
46	Spectrogram 1	1	1773.278561738	1773.950561738	1500	6500	BTF
47	Spectrogram 1	1	1859.829795681	1860.501795681	1500	6500	BTF
48	Spectrogram 1	1	1884.941994811	1885.613994811	1500	6500	BTF
49	Spectrogram 1	1	1887.06882408	1887.74082408	1500	6500	BTF
50	Spectrogram 1	1	1894.205411049	1894.877411049	1500	6500	BTF
51	Spectrogram 1	1	1899.263948436	1899.935948436	1500	6500	BTF
52	Spectrogram 1	1	1928.395660563	1929.067660563	1500	6500	BTF
53	Spectrogram 1	1	1936.376149971	1937.048149971	1500	6500	BTF
54	Spectrogram 1	1	1937.776149971	1938.448149971	1500	6500	BTF
55	Spectrogram 1	1	1940.302979239	1940.974979239	1500	6500	BTF
56	Spectrogram 1	1	1940.561516627	1941.233516627	1500	6500	BTF
57	Spectrogram 1	1	1952.429810913	1953.101810913	1500	6500	BTF
58	Spectrogram 1	1	1989.898110009	1990.570110009	1500	6500	BTF
59	Spectrogram 1	1	1991.395670985	1992.067670985	1500	6500	BTF
60	Spectrogram 1	1	1991.971280741	1992.643280741	1500	6500	BTF
61	Spectrogram 1	1	1992.49323196	1993.16523196	1500	6500	BTF
62	Spectrogram 1	1	1993.195670985	1993.867670985	1500	6500	BTF
63	Spectrogram 1	1	1993.790793738	1994.462793738	1500	6500	BTF
64	Spectrogram 1	1	1994.854208372	1995.526208372	1500	6500	BTF
65	Spectrogram 1	1	1998.249331125	1998.921331125	1500	6500	BTF
66	Spectrogram 1	1	1998.737136003	1999.409136003	1500	6500	BTF
67	Spectrogram 1	1	1999.878599417	2000.550599417	1500	6500	BTF
68	Spectrogram 1	1	2011.532259557	2012.204259557	1500	6500	BTF
69	Spectrogram 1	1	2012.102991265	2012.774991265	1500	6500	BTF
70	Spectrogram 1	1	2029.74689691	2030.41889691	1500	6500	BTF
71	Spectrogram 1	1	2040.132264367	2040.804264367	1500	6500	BTF
72	Spectrogram 1	1	2270.834718384	2271.506718384	1500	6500	BTF
73	Spectrogram 1	1	2273.649353332	2274.321353332	1500	6500	BTF
74	Spectrogram 1	1	2318.985945913	2319.657945913	1500	6500	BTF
75	Spectrogram 1	1	2325.312773429	2325.984773429	1500	6500	BTF
76	Spectrogram 1	1	2328.127407575	2328.799407575	1500	6500	BTF
77	Spectrogram 1	1	2339.054239248	2339.726239248	1500	6500	BTF
78	Spectrogram 1	1	2341.371312419	2342.043312419	1500	6500	BTF
79	Spectrogram 1	1	2343.220092907	2343.892092907	1500	6500	BTF
80	Spectrogram 1	1	2345.200581513	2345.872581513	1500	6500	BTF
81	Spectrogram 1	1	2348.307898587	2348.979898587	1500	6500	BTF
82	Spectrogram 1	1	2399.093266548	2399.765266548	1500	6500	BTF
83	Spectrogram 1	1	2440.742054251	2441.414054251	1500	6500	BTF
84	Spectrogram 1	1	2441.654249373	2442.326249373	1500	6500	BTF
85	Spectrogram 1	1	2442.268883519	2442.940883519	1500	6500	BTF
86	Spectrogram 1	1	2444.585957491	2445.257957491	1500	6500	BTF
87	Spectrogram 1	1	2445.503030662	2446.175030662	1500	6500	BTF
88	Spectrogram 1	1	2446.15181115	2446.82381115	1500	6500	BTF
89	Spectrogram 1	1	2447.898152613	2448.570152613	1500	6500	BTF
90	Spectrogram 1	1	2448.498153415	2449.170153415	1500	6500	BTF
91	Spectrogram 1	1	2454.48352007	2455.15552007	1500	6500	BTF
92	Spectrogram 1	1	2475.956690653	2476.628690653	1500	6500	BTF
93	Spectrogram 1	1	2477.761568702	2478.433568702	1500	6500	BTF
94	Spectrogram 1	1	2478.132301211	2478.804301211	1500	6500	BTF
95	Spectrogram 1	1	2488.337180863	2489.009180863	1500	6500	BTF
96	Spectrogram 1	1	2489.176205253	2489.848205253	1500	6500	BTF
97	Spectrogram 1	1	2489.815229644	2490.487229644	1500	6500	BTF
98	Spectrogram 1	1	2508.942062119	2509.614062119	1500	6500	BTF
99	Spectrogram 1	1	2665.21037119	2665.88237119	1500	6500	BTF
100	Spectrogram 1	1	2670.288420772	2670.960420772	1500	6500	BTF
101	Spectrogram 1	1	2672.122567114	2672.794567114	1500	6500	BTF
102	Spectrogram 1	1	2717.410372496	2718.082372496	1500	6500	BTF
103	Spectrogram 1	1	2978.220159264	2978.892159264	1500	6500	BTF
104	Spectrogram 1	1	3008.849370622	3009.521370622	1500	6500	BTF
105	Spectrogram 1	1	3067.87376713	3068.54576713	1500	6500	BTF
106	Spectrogram 1	1	3845.756803698	3846.428803698	1500	6500	BTF
107	Spectrogram 1	1	4097.381194914	4098.053194914	1500	6500	BTF
108	Spectrogram 1	1	4219.156821356	4219.828821356	1500	6500	BTF
109	Spectrogram 1	1	4220.649504283	4221.321504283	1500	6500	BTF
110	Spectrogram 1	1	4271.927558526	4272.599558526	1500	6500	BTF
111	Spectrogram 1	1	4274.922681279	4275.594681279	1500	6500	BTF
112	Spectrogram 1	1	4945.537288922	4946.209288922	1500	6500	BTF
113	Spectrogram 1	1	4978.786075022	4979.458075022	1500	6500	BTF
114	Spectrogram 1	1	4985.327539238	4985.999539238	1500	6500	BTF
115	Spectrogram 1	1	6643.830171755	6644.502171755	1500	6500	BTF
116	Spectrogram 1	1	6649.815538411	6650.487538411	1500	6500	BTF
117	Spectrogram 1	1	6695.996034232	6696.668034232	1500	6500	BTF
118	Spectrogram 1	1	6709.444817125	6710.116817125	1500	6500	BTF
119	Spectrogram 1	1	6710.337500052	6711.009500052	1500	6500	BTF
120	Spectrogram 1	1	6786.444826596	6787.116826596	1500	6500	BTF
