Selection	View	Channel	Begin Time (s)	End Time (s)	Low Freq (Hz)	High Freq (Hz)	Label
1	Spectrogram 1	1	317.288474545	317.960474545	1500	6500	DBF
2	Spectrogram 1	1	1061.537885924	1062.209885924	1500	6500	DBF
3	Spectrogram 1	1	1398.001357182	1398.673357182	1500	6500	DBF
4	Spectrogram 1	1	1437.596486755	1438.268486755	1500	6500	DBF
5	Spectrogram 1	1	2136.645392919	2137.317392919	1500	6500	DBF
6	Spectrogram 1	1	2173.011254199	2173.683254199	1500	6500	DBF
7	Spectrogram 1	1	2386.045439105	2386.717439105	1500	6500	DBF
8	Spectrogram 1	1	2389.416170812	2390.088170812	1500	6500	DBF
9	Spectrogram 1	1	2391.864952253	2392.536952253	1500	6500	DBF
10	Spectrogram 1	1	2396.660075157	2397.332075157	1500	6500	DBF
11	Spectrogram 1	1	2884.016259829	2884.688259829	1500	6500	DBF
12	Spectrogram 1	1	3134.450455712	3135.122455712	1500	6500	DBF
13	Spectrogram 1	1	3142.908994203	3143.580994203	1500	6500	DBF
14	Spectrogram 1	1	3146.343140545	3147.015140545	1500	6500	DBF
15	Spectrogram 1	1	3154.591922938	3155.263922938	1500	6500	DBF
16	Spectrogram 1	1	3456.152941792	3456.824941792	1500	6500	DBF
17	Spectrogram 1	1	3457.572453987	3458.244453987	1500	6500	DBF
18	Spectrogram 1	1	3459.489527157	3460.161527157	1500	6500	DBF
19	Spectrogram 1	1	3461.367573535	3462.039573535	1500	6500	DBF
20	Spectrogram 1	1	3464.923672049	3465.595672049	1500	6500	DBF
21	Spectrogram 1	1	3466.996842781	3467.668842781	1500	6500	DBF
22	Spectrogram 1	1	3468.909037902	3469.581037902	1500	6500	DBF
23	Spectrogram 1	1	4283.743336141	4284.415336141	1500	6500	DBF
24	Spectrogram 1	1	4286.27504441	4286.94704441	1500	6500	DBF
25	Spectrogram 1	1	4288.35797124	4289.02997124	1500	6500	DBF
26	Spectrogram 1	1	4289.79699563	4290.46899563	1500	6500	DBF
27	Spectrogram 1	1	4295.918948755	4296.590948755	1500	6500	DBF
28	Spectrogram 1	1	4297.17748534	4297.84948534	1500	6500	DBF
29	Spectrogram 1	1	4298.421387779	4299.093387779	1500	6500	DBF
30	Spectrogram 1	1	4299.801875584	4300.473875584	1500	6500	DBF
31	Spectrogram 1	1	4301.055535074	4301.727535074	1500	6500	DBF
32	Spectrogram 1	1	4302.411632634	4303.083632634	1500	6500	DBF
33	Spectrogram 1	1	4354.879935797	4355.551935797	1500	6500	DBF
34	Spectrogram 1	1	4456.201896957	4456.873896957	1500	6500	DBF
35	Spectrogram 1	1	4815.606843105	4816.278843105	1500	6500	DBF
36	Spectrogram 1	1	4816.889769934	4817.561769934	1500	6500	DBF
37	Spectrogram 1	1	4823.923918181	4824.595918181	1500	6500	DBF
38	Spectrogram 1	1	4829.933675232	4830.605675232	1500	6500	DBF
39	Spectrogram 1	1	4831.0605045	4831.7325045	1500	6500	DBF
40	Spectrogram 1	1	4832.943432282	4833.615432282	1500	6500	DBF
41	Spectrogram 1	1	4834.480017648	4835.152017648	1500	6500	DBF
42	Spectrogram 1	1	4835.938554233	4836.610554233	1500	6500	DBF
43	Spectrogram 1	1	4851.860509264	4852.532509264	1500	6500	DBF
44	Spectrogram 1	1	4861.597096535	4862.269096535	1500	6500	DBF
45	Spectrogram 1	1	4880.714173516	4881.386173516	1500	6500	DBF
46	Spectrogram 1	1	4896.328810521	4897.000810521	1500	6500	DBF
47	Spectrogram 1	1	4897.943444667	4898.615444667	1500	6500	DBF
48	Spectrogram 1	1	4899.567834911	4900.239834911	1500	6500	DBF
49	Spectrogram 1	1	4907.889788036	4908.561788036	1500	6500	DBF
50	Spectrogram 1	1	4909.138568524	4909.810568524	1500	6500	DBF
51	Spectrogram 1	1	4913.616618257	4914.288618257	1500	6500	DBF
52	Spectrogram 1	1	4922.231254309	4922.903254309	1500	6500	DBF
53	Spectrogram 1	1	4936.06052546	4936.73252546	1500	6500	DBF
54	Spectrogram 1	1	4937.772720582	4938.444720582	1500	6500	DBF
55	Spectrogram 1	1	4961.806871687	4962.478871687	1500	6500	DBF
56	Spectrogram 1	1	4972.562972106	4973.234972106	1500	6500	DBF
57	Spectrogram 1	1	4974.260533082	4974.932533082	1500	6500	DBF
58	Spectrogram 1	1	4975.460533082	4976.132533082	1500	6500	DBF
59	Spectrogram 1	1	4978.421509644	4979.093509644	1500	6500	DBF
60	Spectrogram 1	1	4986.533703316	4987.205703316	1500	6500	DBF
61	Spectrogram 1	1	4989.660532584	4990.332532584	1500	6500	DBF
62	Spectrogram 1	1	4993.065411586	4993.737411586	1500	6500	DBF
63	Spectrogram 1	1	4995.226387196	4995.898387196	1500	6500	DBF
64	Spectrogram 1	1	5006.821512005	5007.493512005	1500	6500	DBF
65	Spectrogram 1	1	5008.733707127	5009.405707127	1500	6500	DBF
66	Spectrogram 1	1	5010.421512005	5011.093512005	1500	6500	DBF
67	Spectrogram 1	1	5017.333709032	5018.005709032	1500	6500	DBF
68	Spectrogram 1	1	5022.221514863	5022.893514863	1500	6500	DBF
69	Spectrogram 1	1	5101.265433499	5101.937433499	1500	6500	DBF
70	Spectrogram 1	1	5108.265434451	5108.937434451	1500	6500	DBF
71	Spectrogram 1	1	5143.845928925	5144.517928925	1500	6500	DBF
72	Spectrogram 1	1	5149.202027439	5149.874027439	1500	6500	DBF
73	Spectrogram 1	1	5150.36788205	5151.03988205	1500	6500	DBF
74	Spectrogram 1	1	5166.728860518	5167.400860518	1500	6500	DBF
75	Spectrogram 1	1	5170.441056593	5171.113056593	1500	6500	DBF
76	Spectrogram 1	1	5258.241073742	5258.913073742	1500	6500	DBF
77	Spectrogram 1	1	5269.811808307	5270.483808307	1500	6500	DBF
78	Spectrogram 1	1	5272.055710746	5272.727710746	1500	6500	DBF
79	Spectrogram 1	1	5274.904492187	5275.576492187	1500	6500	DBF
80	Spectrogram 1	1	5304.114250645	5304.786250645	1500	6500	DBF
81	Spectrogram 1	1	5305.992299426	5306.664299426	1500	6500	DBF
82	Spectrogram 1	1	5307.69473845	5308.36673845	1500	6500	DBF
83	Spectrogram 1	1	5310.441080866	5311.113080866	1500	6500	DBF
84	Spectrogram 1	1	5327.675231019	5328.347231019	1500	6500	DBF
85	Spectrogram 1	1	5333.031329532	5333.703329532	1500	6500	DBF
86	Spectrogram 1	1	5334.884988069	5335.556988069	1500	6500	DBF
87	Spectrogram 1	1	5336.167914898	5336.839914898	1500	6500	DBF
88	Spectrogram 1	1	5404.050849307	5404.722849307	1500	6500	DBF
89	Spectrogram 1	1	5427.997195534	5428.669195534	1500	6500	DBF
90	Spectrogram 1	1	5429.69475651	5430.36675651	1500	6500	DBF
91	Spectrogram 1	1	5440.694758415	5441.366758415	1500	6500	DBF
92	Spectrogram 1	1	5621.382571135	5622.054571135	1500	6500	DBF
93	Spectrogram 1	1	5622.943546744	5623.615546744	1500	6500	DBF
94	Spectrogram 1	1	5624.787449183	5625.459449183	1500	6500	DBF
95	Spectrogram 1	1	5626.475255014	5627.147255014	1500	6500	DBF
96	Spectrogram 1	1	5627.841108673	5628.513108673	1500	6500	DBF
97	Spectrogram 1	1	5630.631352575	5631.303352575	1500	6500	DBF
98	Spectrogram 1	1	5681.148436226	5681.820436226	1500	6500	DBF
99	Spectrogram 1	1	5833.558219455	5834.230219455	1500	6500	DBF
100	Spectrogram 1	1	5914.626528334	5915.298528334	1500	6500	DBF
101	Spectrogram 1	1	5976.402140409	5977.074140409	1500	6500	DBF
102	Spectrogram 1	1	5994.104582292	5994.776582292	1500	6500	DBF
103	Spectrogram 1	1	5995.548484731	5996.220484731	1500	6500	DBF
104	Spectrogram 1	1	6219.455846582	6220.127846582	1500	6500	DBF
105	Spectrogram 1	1	6220.777797802	6221.449797802	1500	6500	DBF
106	Spectrogram 1	1	6233.57780066	6234.24980066	1500	6500	DBF
107	Spectrogram 1	1	6255.665606946	6256.337606946	1500	6500	DBF
