Selection	View	Channel	Begin Time (s)	End Time (s)	Low Freq (Hz)	High Freq (Hz)	Label
1	Spectrogram 1	1	510.400656922	511.072656922	1500	6500	DBF
2	Spectrogram 1	1	519.683585354	520.355585354	1500	6500	DBF
3	Spectrogram 1	1	524.854317863	525.526317863	1500	6500	DBF
4	Spectrogram 1	1	807.493380605	808.165380605	1500	6500	DBF
5	Spectrogram 1	1	810.283624507	810.955624507	1500	6500	DBF
6	Spectrogram 1	1	814.176259243	814.848259243	1500	6500	DBF
7	Spectrogram 1	1	815.932356804	816.604356804	1500	6500	DBF
8	Spectrogram 1	1	817.600649487	818.272649487	1500	6500	DBF
9	Spectrogram 1	1	2878.649602535	2879.321602535	1500	6500	DBF
10	Spectrogram 1	1	2880.010578145	2880.682578145	1500	6500	DBF
11	Spectrogram 1	1	2881.571553755	2882.243553755	1500	6500	DBF
12	Spectrogram 1	1	2884.859356079	2885.531356079	1500	6500	DBF
13	Spectrogram 1	1	2889.225210539	2889.897210539	1500	6500	DBF
14	Spectrogram 1	1	2889.464234929	2890.136234929	1500	6500	DBF
15	Spectrogram 1	1	2962.259368906	2962.931368906	1500	6500	DBF
16	Spectrogram 1	1	2989.015468267	2989.687468267	1500	6500	DBF
17	Spectrogram 1	1	2990.56180973	2991.23380973	1500	6500	DBF
18	Spectrogram 1	1	2999.191079626	2999.863079626	1500	6500	DBF
19	Spectrogram 1	1	3000.669128407	3001.341128407	1500	6500	DBF
20	Spectrogram 1	1	3011.737422693	3012.409422693	1500	6500	DBF
21	Spectrogram 1	1	3013.927664042	3014.599664042	1500	6500	DBF
22	Spectrogram 1	1	3021.352055087	3022.024055087	1500	6500	DBF
23	Spectrogram 1	1	3046.117909399	3046.789909399	1500	6500	DBF
24	Spectrogram 1	1	3062.200839435	3062.872839435	1500	6500	DBF
25	Spectrogram 1	1	3076.347183303	3077.019183303	1500	6500	DBF
26	Spectrogram 1	1	3077.91791501	3078.58991501	1500	6500	DBF
27	Spectrogram 1	1	3080.005719888	3080.677719888	1500	6500	DBF
28	Spectrogram 1	1	3081.508159715	3082.180159715	1500	6500	DBF
29	Spectrogram 1	1	3083.717915812	3084.389915812	1500	6500	DBF
30	Spectrogram 1	1	3085.37157515	3086.04357515	1500	6500	DBF
31	Spectrogram 1	1	3091.025234489	3091.697234489	1500	6500	DBF
32	Spectrogram 1	1	3093.522795464	3094.194795464	1500	6500	DBF
33	Spectrogram 1	1	3094.903284071	3095.575284071	1500	6500	DBF
34	Spectrogram 1	1	3096.415479193	3097.087479193	1500	6500	DBF
35	Spectrogram 1	1	3097.156942607	3097.828942607	1500	6500	DBF
36	Spectrogram 1	1	3097.756942607	3098.428942607	1500	6500	DBF
37	Spectrogram 1	1	3099.269137729	3099.941137729	1500	6500	DBF
38	Spectrogram 1	1	3100.961821458	3101.633821458	1500	6500	DBF
39	Spectrogram 1	1	3102.669138531	3103.341138531	1500	6500	DBF
40	Spectrogram 1	1	3103.75206536	3104.42406536	1500	6500	DBF
41	Spectrogram 1	1	3104.317919821	3104.989919821	1500	6500	DBF
42	Spectrogram 1	1	3104.566700308	3105.238700308	1500	6500	DBF
43	Spectrogram 1	1	3105.610602747	3106.282602747	1500	6500	DBF
44	Spectrogram 1	1	3107.815480796	3108.487480796	1500	6500	DBF
45	Spectrogram 1	1	3109.054505988	3109.726505988	1500	6500	DBF
46	Spectrogram 1	1	3109.259384037	3109.931384037	1500	6500	DBF
47	Spectrogram 1	1	3109.737432817	3110.409432817	1500	6500	DBF
48	Spectrogram 1	1	3110.883774281	3111.555774281	1500	6500	DBF
49	Spectrogram 1	1	3113.371579159	3114.043579159	1500	6500	DBF
50	Spectrogram 1	1	3114.825235141	3115.497235141	1500	6500	DBF
51	Spectrogram 1	1	3115.039869288	3115.711869288	1500	6500	DBF
52	Spectrogram 1	1	3131.020359498	3131.692359498	1500	6500	DBF
53	Spectrogram 1	1	3131.903286327	3132.575286327	1500	6500	DBF
54	Spectrogram 1	1	3162.674016935	3163.346016935	1500	6500	DBF
55	Spectrogram 1	1	3183.52280063	3184.19480063	1500	6500	DBF
56	Spectrogram 1	1	3200.995974568	3201.667974568	1500	6500	DBF
57	Spectrogram 1	1	3202.737437983	3203.409437983	1500	6500	DBF
58	Spectrogram 1	1	3273.703183626	3274.375183626	1500	6500	DBF
59	Spectrogram 1	1	3274.771476309	3275.443476309	1500	6500	DBF
60	Spectrogram 1	1	3275.805622651	3276.477622651	1500	6500	DBF
61	Spectrogram 1	1	3566.07857657	3566.75057657	1500	6500	DBF
62	Spectrogram 1	1	3567.781015595	3568.453015595	1500	6500	DBF
63	Spectrogram 1	1	3568.932235107	3569.604235107	1500	6500	DBF
64	Spectrogram 1	1	3572.932235909	3573.604235909	1500	6500	DBF
65	Spectrogram 1	1	3577.33223671	3578.00423671	1500	6500	DBF
66	Spectrogram 1	1	3756.961463972	3757.633463972	1500	6500	DBF
67	Spectrogram 1	1	3788.376102928	3789.048102928	1500	6500	DBF
68	Spectrogram 1	1	3794.020006169	3794.692006169	1500	6500	DBF
69	Spectrogram 1	1	3795.3029338	3795.9749338	1500	6500	DBF
70	Spectrogram 1	1	3797.063909409	3797.735909409	1500	6500	DBF
71	Spectrogram 1	1	3812.180984985	3812.852984985	1500	6500	DBF
72	Spectrogram 1	1	3813.985863034	3814.657863034	1500	6500	DBF
73	Spectrogram 1	1	3822.132206101	3822.804206101	1500	6500	DBF
74	Spectrogram 1	1	3823.46391422	3824.13591422	1500	6500	DBF
75	Spectrogram 1	1	4726.215260959	4726.887260959	1500	6500	DBF
