Selection	View	Channel	Begin Time (s)	End Time (s)	Low Freq (Hz)	High Freq (Hz)	Annotation
1	Spectrogram 1	1	823.286012828	823.958012828	1500	6500	NA
2	Spectrogram 1	1	826.223901027	826.895901027	1500	6500	NA
3	Spectrogram 1	1	827.217689847	827.889689847	1500	6500	NA
5	Spectrogram 1	1	861.814666367	862.486666367	1500	6500	NA
6	Spectrogram 1	1	863.367461398	864.039461398	1500	6500	NA
7	Spectrogram 1	1	865.212181895	865.884181895	1500	6500	NA
8	Spectrogram 1	1	916.47560521	917.14760521	1500	6500	NA
9	Spectrogram 1	1	920.444549309	921.116549309	1500	6500	NA
11	Spectrogram 1	1	1241.518008424	1242.190008424	1500	6500	NA
12	Spectrogram 1	1	1243.219871778	1243.891871778	1500	6500	NA
13	Spectrogram 1	1	1245.24471618	1245.91671618	1500	6500	NA
14	Spectrogram 1	1	1250.729188229	1251.401188229	1500	6500	NA
15	Spectrogram 1	1	1252.896889774	1253.568889774	1500	6500	NA
16	Spectrogram 1	1	1256.20744878	1256.87944878	1500	6500	NA
17	Spectrogram 1	1	1264.934156536	1265.606156536	1500	6500	NA
18	Spectrogram 1	1	1261.393783866	1262.065783866	1500	6500	NA
19	Spectrogram 1	1	1271.816143796	1272.488143796	1500	6500	NA
20	Spectrogram 1	1	1283.443471846	1284.115471846	1500	6500	NA
21	Spectrogram 1	1	1277.809931473	1278.481931473	1500	6500	NA
22	Spectrogram 1	1	1279.089434579	1279.761434579	1500	6500	NA
23	Spectrogram 1	1	1279.927943896	1280.599943896	1500	6500	NA
24	Spectrogram 1	1	1281.474527746	1282.146527746	1500	6500	NA
25	Spectrogram 1	1	1285.754030534	1286.426030534	1500	6500	NA
26	Spectrogram 1	1	1288.114278981	1288.786278981	1500	6500	NA
27	Spectrogram 1	1	1412.051257013	1412.723257013	1500	6500	NA
28	Spectrogram 1	1	1457.125788338	1457.797788338	1500	6500	NA
29	Spectrogram 1	1	1460.641316288	1461.313316288	1500	6500	NA
30	Spectrogram 1	1	1463.492247965	1464.164247965	1500	6500	NA
31	Spectrogram 1	1	1468.864918454	1469.536918454	1500	6500	NA
32	Spectrogram 1	1	1469.051253858	1469.723253858	1500	6500	NA
33	Spectrogram 1	1	1472.858707274	1473.530707274	1500	6500	NA
34	Spectrogram 1	1	1473.728272173	1474.400272173	1500	6500	NA
35	Spectrogram 1	1	1475.119576521	1475.791576521	1500	6500	NA
36	Spectrogram 1	1	1476.883551676	1477.555551676	1500	6500	NA
37	Spectrogram 1	1	1479.386657266	1480.058657266	1500	6500	NA
38	Spectrogram 1	1	1483.100941838	1483.772941838	1500	6500	NA
39	Spectrogram 1	1	1484.169264819	1484.841264819	1500	6500	NA
40	Spectrogram 1	1	1484.889761714	1485.561761714	1500	6500	NA
41	Spectrogram 1	1	1487.063674757	1487.735674757	1500	6500	NA
42	Spectrogram 1	1	1493.423922886	1494.095922886	1500	6500	NA
43	Spectrogram 1	1	1508.457831536	1509.129831536	1500	6500	NA
44	Spectrogram 1	1	1508.855347064	1509.527347064	1500	6500	NA
45	Spectrogram 1	1	1511.209384331	1511.881384331	1500	6500	NA
46	Spectrogram 1	1	1514.693856381	1515.365856381	1500	6500	NA
47	Spectrogram 1	1	1516.060316008	1516.732316008	1500	6500	NA
48	Spectrogram 1	1	1516.644166621	1517.316166621	1500	6500	NA
49	Spectrogram 1	1	1517.805657304	1518.477657304	1500	6500	NA
50	Spectrogram 1	1	1520.550998919	1521.222998919	1500	6500	NA
51	Spectrogram 1	1	1520.861557925	1521.533557925	1500	6500	NA
52	Spectrogram 1	1	1522.283918174	1522.955918174	1500	6500	NA
53	Spectrogram 1	1	1522.762179043	1523.434179043	1500	6500	NA
54	Spectrogram 1	1	1523.507520658	1524.179520658	1500	6500	NA
55	Spectrogram 1	1	1524.234228733	1524.906228733	1500	6500	NA
56	Spectrogram 1	1	1525.600688042	1526.272688042	1500	6500	NA
57	Spectrogram 1	1	1526.308762576	1526.980762576	1500	6500	NA
58	Spectrogram 1	1	1526.588265681	1527.260265681	1500	6500	NA
59	Spectrogram 1	1	1527.159694253	1527.831694253	1500	6500	NA
60	Spectrogram 1	1	1527.737334004	1528.409334004	1500	6500	NA
61	Spectrogram 1	1	1528.128638352	1528.800638352	1500	6500	NA
62	Spectrogram 1	1	1528.414352638	1529.086352638	1500	6500	NA
63	Spectrogram 1	1	1528.849135247	1529.521135247	1500	6500	NA
64	Spectrogram 1	1	1528.985781209	1529.657781209	1500	6500	NA
65	Spectrogram 1	1	1529.184538973	1529.856538973	1500	6500	NA
66	Spectrogram 1	1	1530.470253259	1531.142253259	1500	6500	NA
67	Spectrogram 1	1	1531.476464439	1532.148464439	1500	6500	NA
68	Spectrogram 1	1	1531.855346427	1532.527346427	1500	6500	NA
69	Spectrogram 1	1	1532.078948911	1532.750948911	1500	6500	NA
70	Spectrogram 1	1	1532.482675619	1533.154675619	1500	6500	NA
71	Spectrogram 1	1	1527.432986178	1528.104986178	1500	6500	NA
72	Spectrogram 1	1	1532.818079028	1533.490079028	1500	6500	NA
73	Spectrogram 1	1	1533.221805736	1533.893805736	1500	6500	NA
74	Spectrogram 1	1	1533.873979649	1534.545979649	1500	6500	NA
75	Spectrogram 1	1	1534.097582133	1534.769582133	1500	6500	NA
76	Spectrogram 1	1	1534.401929959	1535.073929959	1500	6500	NA
77	Spectrogram 1	1	1535.041681512	1535.713681512	1500	6500	NA
78	Spectrogram 1	1	1535.352240518	1536.024240518	1500	6500	NA
79	Spectrogram 1	1	1535.755967226	1536.427967226	1500	6500	NA
80	Spectrogram 1	1	1536.103793313	1536.775793313	1500	6500	NA
81	Spectrogram 1	1	1536.43919704	1537.11119704	1500	6500	NA
82	Spectrogram 1	1	1536.675221885	1537.347221885	1500	6500	NA
83	Spectrogram 1	1	1537.43919704	1538.11119704	1500	6500	NA
84	Spectrogram 1	1	1538.097582133	1538.769582133	1500	6500	NA
85	Spectrogram 1	1	1538.339818158	1539.011818158	1500	6500	NA
86	Spectrogram 1	1	1538.849134928	1539.521134928	1500	6500	NA
87	Spectrogram 1	1	1539.364662878	1540.036662878	1500	6500	NA
88	Spectrogram 1	1	1539.582054183	1540.254054183	1500	6500	NA
89	Spectrogram 1	1	1540.346029338	1541.018029338	1500	6500	NA
90	Spectrogram 1	1	1540.662799206	1541.334799206	1500	6500	NA
91	Spectrogram 1	1	1541.041681194	1541.713681194	1500	6500	NA
92	Spectrogram 1	1	1541.755966908	1542.427966908	1500	6500	NA
93	Spectrogram 1	1	1542.339817839	1543.011817839	1500	6500	NA
94	Spectrogram 1	1	1543.936091131	1544.608091131	1500	6500	NA
95	Spectrogram 1	1	1544.054103554	1544.726103554	1500	6500	NA
96	Spectrogram 1	1	1545.37708492	1546.04908492	1500	6500	NA
97	Spectrogram 1	1	1546.37708492	1547.04908492	1500	6500	NA
98	Spectrogram 1	1	1547.178327156	1547.850327156	1500	6500	NA
99	Spectrogram 1	1	1547.998202933	1548.670202933	1500	6500	NA
100	Spectrogram 1	1	1548.755966589	1549.427966589	1500	6500	NA
101	Spectrogram 1	1	1549.078947956	1549.750947956	1500	6500	NA
102	Spectrogram 1	1	1549.594475906	1550.266475906	1500	6500	NA
103	Spectrogram 1	1	1554.364662241	1555.036662241	1500	6500	NA
104	Spectrogram 1	1	1557.749754267	1558.421754267	1500	6500	NA
105	Spectrogram 1	1	1558.799443708	1559.471443708	1500	6500	NA
106	Spectrogram 1	1	1560.40813936	1561.08013936	1500	6500	NA
107	Spectrogram 1	1	1561.687642466	1562.359642466	1500	6500	NA
108	Spectrogram 1	1	1564.228014818	1564.900014818	1500	6500	NA
109	Spectrogram 1	1	1564.650375066	1565.322375066	1500	6500	NA
110	Spectrogram 1	1	1567.606896805	1568.278896805	1500	6500	NA
111	Spectrogram 1	1	1568.519940284	1569.191940284	1500	6500	NA
112	Spectrogram 1	1	1569.457828483	1570.129828483	1500	6500	NA
113	Spectrogram 1	1	1570.917455812	1571.589455812	1500	6500	NA
114	Spectrogram 1	1	1573.793231067	1574.465231067	1500	6500	NA
115	Spectrogram 1	1	1574.085156533	1574.757156533	1500	6500	NA
116	Spectrogram 1	1	1574.731119266	1575.403119266	1500	6500	NA
117	Spectrogram 1	1	1577.016833551	1577.688833551	1500	6500	NA
118	Spectrogram 1	1	1577.917454669	1578.589454669	1500	6500	NA
119	Spectrogram 1	1	1578.259069576	1578.931069576	1500	6500	NA
120	Spectrogram 1	1	1579.495094421	1580.167094421	1500	6500	NA
121	Spectrogram 1	1	1586.265280438	1586.937280438	1500	6500	NA
122	Spectrogram 1	1	1594.644162107	1595.316162107	1500	6500	NA
123	Spectrogram 1	1	1606.934831744	1607.606831744	1500	6500	NA
124	Spectrogram 1	1	1607.512471496	1608.184471496	1500	6500	NA
125	Spectrogram 1	1	1608.158434229	1608.830434229	1500	6500	NA
126	Spectrogram 1	1	1609.468993235	1610.140993235	1500	6500	NA
127	Spectrogram 1	1	1609.996943546	1610.668943546	1500	6500	NA
128	Spectrogram 1	1	1611.636695099	1612.308695099	1500	6500	NA
129	Spectrogram 1	1	1616.63669478	1617.30869478	1500	6500	NA
130	Spectrogram 1	1	1617.183278631	1617.855278631	1500	6500	NA
131	Spectrogram 1	1	1617.872719625	1618.544719625	1500	6500	NA
132	Spectrogram 1	1	1624.102532971	1624.774532971	1500	6500	NA
133	Spectrogram 1	1	1627.158433592	1627.830433592	1500	6500	NA
134	Spectrogram 1	1	1629.127377691	1629.799377691	1500	6500	NA
135	Spectrogram 1	1	1625.667750362	1626.339750362	1500	6500	NA
136	Spectrogram 1	1	1628.158433592	1628.830433592	1500	6500	NA
137	Spectrogram 1	1	1635.419302839	1636.091302839	1500	6500	NA
138	Spectrogram 1	1	1637.295079236	1637.967079236	1500	6500	NA
139	Spectrogram 1	1	1639.89135221	1640.56335221	1500	6500	NA
140	Spectrogram 1	1	1643.667749725	1644.339749725	1500	6500	NA
141	Spectrogram 1	1	1654.699230653	1655.371230653	1500	6500	NA
142	Spectrogram 1	1	1657.475628169	1658.147628169	1500	6500	NA
143	Spectrogram 1	1	1661.413516368	1662.085516368	1500	6500	NA
144	Spectrogram 1	1	1677.793481126	1678.465481126	1500	6500	NA
145	Spectrogram 1	1	1688.219517375	1688.891517375	1500	6500	NA
146	Spectrogram 1	1	1692.058026374	1692.730026374	1500	6500	NA
147	Spectrogram 1	1	1692.3934301	1693.0654301	1500	6500	NA
148	Spectrogram 1	1	1693.977281032	1694.649281032	1500	6500	NA
149	Spectrogram 1	1	1696.759889728	1697.431889728	1500	6500	NA
